46.58248999999961,20.25056900000043,2.6228475000000304,2.6228475000000304,2.6228475000000304,2.6228475000000304,2.6228475000000304,2.6228475000000304,2.6228475000000304,2.6228475000000304,2.6228475000000304,9.554739499999744,SDLE0h0m.txt
49.340167166666276,16.1375766666671,2.6228475000000304,2.6228475000000304,2.6228475000000304,2.6228475000000304,2.6228475000000304,2.6228475000000304,2.6228475000000304,2.6228475000000304,2.6228475000000304,10.910054666666412,SDLE0h5m.txt
52.67602899999885,14.197264000000139,2.7258540000000266,2.6228475000000304,2.6228475000000304,2.6228475000000304,2.6228475000000304,2.6228475000000304,2.6228475000000304,2.6228475000000304,2.6228475000000304,9.411499999999744,SDLE0h10m.txt
55.91411766666512,12.417199499999745,2.828860500000037,2.6228475000000304,2.6228475000000304,2.656152166666696,2.6228475000000304,2.6228475000000304,2.6228475000000304,2.6228475000000304,2.6228475000000304,7.817162666666489,SDLE0h15m.txt
58.34471049999846,11.092065499999745,2.828860500000037,2.6228475000000304,2.6228475000000304,2.771834500000027,2.6228475000000304,2.6228475000000304,2.6228475000000304,2.6228475000000304,2.6228475000000304,6.596022500000112,SDLE0h20m.txt
59.63986933333179,10.948594499999746,2.828860500000037,2.6228475000000304,2.6228475000000304,2.6548398333333627,2.6228475000000304,2.6228475000000304,2.6228475000000304,2.6228475000000304,2.6228475000000304,5.56132833333354,SDLE0h25m.txt
60.116499833331794,10.482198999999746,2.7258540000000266,2.6228475000000304,2.6228475000000304,2.7272408333333606,2.6228475000000304,2.6228475000000304,2.6228475000000304,2.6228475000000304,2.6228475000000304,5.581699833333541,SDLE0h30m.txt
61.00021833333179,9.741125499999745,2.6228475000000304,2.6228475000000304,2.6228475000000304,2.78720783333336,2.6228475000000304,2.6228475000000304,2.6228475000000304,2.6228475000000304,2.6228475000000304,5.482095333333533,SDLE0h35m.txt
62.240001166665124,8.95727666666641,2.6228475000000304,2.6228475000000304,2.6228475000000304,2.773593500000027,2.6228475000000304,2.6228475000000304,2.6228475000000304,2.6228475000000304,2.6228475000000304,5.039775666666824,SDLE0h40m.txt
64.00475016666513,7.893966666666596,2.6228475000000304,2.6228475000000304,2.6228475000000304,2.6575185000000294,2.6228475000000304,2.6228475000000304,2.6228475000000304,2.6228475000000304,2.6228475000000304,4.454410666666773,SDLE0h45m.txt
65.27922366666512,7.162700499999958,2.6228475000000304,2.6228475000000304,2.6228475000000304,2.7029981666666942,2.6228475000000304,2.6228475000000304,2.6228475000000304,2.6228475000000304,2.6228475000000304,3.865723666666729,SDLE0h50m.txt
65.90469449999846,6.792709833333395,2.6228475000000304,2.6228475000000304,2.6228475000000304,2.6683271666666952,2.6228475000000304,2.6228475000000304,2.6228475000000304,2.6228475000000304,2.6228475000000304,3.6449155000000544,SDLE0h55m.txt
66.17452749999845,6.441309000000165,2.6228475000000304,2.6228475000000304,2.6228475000000304,2.6228475000000304,2.6228475000000304,2.6228475000000304,2.6228475000000304,2.6228475000000304,2.6228475000000304,3.7719640000000587,SDLE1h0m.txt
66.14051649999844,6.068825000000213,2.6228475000000304,2.6228475000000304,2.6228475000000304,2.6228475000000304,2.6228475000000304,2.6228475000000304,2.6228475000000304,2.6228475000000304,2.6228475000000304,4.178459000000087,SDLE1h5m.txt
66.2171833333318,5.807089000000209,2.6228475000000304,2.6228475000000304,2.6228475000000304,2.74709783333336,2.6228475000000304,2.6228475000000304,2.6228475000000304,2.6228475000000304,2.6228475000000304,4.239276833333427,SDLE1h10m.txt
66.30327766666512,5.958227500000212,2.6228475000000304,2.6228475000000304,2.6228475000000304,3.0207881666666934,2.6228475000000304,2.6228475000000304,2.6228475000000304,2.6228475000000304,2.6228475000000304,3.728352666666722,SDLE1h15m.txt
66.78122266666512,6.116918500000212,2.6228475000000304,2.6228475000000304,2.6228475000000304,2.774760166666694,2.6228475000000304,2.6228475000000304,2.6228475000000304,2.6228475000000304,2.6228475000000304,3.3377456666667027,SDLE1h20m.txt
67.1803388333318,6.0256150000002116,2.6228475000000304,2.6228475000000304,2.6228475000000304,2.666534833333362,2.6228475000000304,2.6228475000000304,2.6228475000000304,2.6228475000000304,2.6228475000000304,3.13815733333337,SDLE1h25m.txt
67.35901799999844,5.860380500000212,2.6228475000000304,2.6228475000000304,2.6228475000000304,2.6228475000000304,2.6228475000000304,2.6228475000000304,2.6228475000000304,2.6228475000000304,2.6228475000000304,3.1684010000000353,SDLE1h30m.txt
67.0810243333318,5.628390500000199,2.6228475000000304,2.6228475000000304,2.6228475000000304,2.9025758333333602,2.6228475000000304,2.6228475000000304,2.6228475000000304,2.6228475000000304,2.6228475000000304,3.3986553333333718,SDLE1h35m.txt
66.85492099999846,5.212059000000152,2.6228475000000304,2.6228475000000304,2.6228475000000304,3.141247500000027,2.6228475000000304,2.6228475000000304,2.6228475000000304,2.6228475000000304,2.6228475000000304,3.80241950000006,SDLE1h40m.txt
67.43326083333179,4.953785500000151,2.6228475000000304,2.6228475000000304,2.6228475000000304,3.1178798333333706,2.6228475000000304,2.6228475000000304,2.6228475000000304,2.6228475000000304,2.6228475000000304,3.5057208333333785,SDLE1h45m.txt
67.90264749999845,4.953785500000151,2.6228475000000304,2.6228475000000304,2.6228475000000304,2.788048000000027,2.6228475000000304,2.6228475000000304,2.6228475000000304,2.6228475000000304,2.6228475000000304,3.366166000000037,SDLE1h50m.txt
68.06784799999845,4.8454695000001315,2.6228475000000304,2.6228475000000304,2.6228475000000304,2.6228475000000304,2.6228475000000304,2.6228475000000304,2.6228475000000304,2.6228475000000304,2.6228475000000304,3.4744810000000443,SDLE1h55m.txt
67.73086316666512,4.737154500000132,2.6228475000000304,2.6228475000000304,2.6228475000000304,2.8739401666666935,2.6228475000000304,2.6228475000000304,2.6228475000000304,2.6228475000000304,2.6228475000000304,3.6686891666667227,SDLE2h0m.txt
67.83917816666512,4.578463500000103,2.6228475000000304,2.6228475000000304,2.6228475000000304,2.8739401666666935,2.6228475000000304,2.6228475000000304,2.6228475000000304,2.6228475000000304,2.6228475000000304,3.7190641666667226,SDLE2h5m.txt
68.80045099999845,4.238932500000095,2.6228475000000304,2.6228475000000304,2.6228475000000304,2.6228475000000304,2.6228475000000304,2.6228475000000304,2.6228475000000304,2.6228475000000304,2.6228475000000304,3.3484160000000354,SDLE2h10m.txt
69.33206249999844,3.9620835000000727,2.6228475000000304,2.6228475000000304,2.6228475000000304,2.6228475000000304,2.6228475000000304,2.6228475000000304,2.6228475000000304,2.6228475000000304,2.6228475000000304,3.093653500000038,SDLE2h15m.txt
69.51290249999845,3.73886300000006,2.6228475000000304,2.6228475000000304,2.6228475000000304,2.6228475000000304,2.6228475000000304,2.6228475000000304,2.6228475000000304,2.6228475000000304,2.6228475000000304,3.136034000000036,SDLE2h20m.txt
69.29041049999847,3.6116515000000513,2.6228475000000304,2.6228475000000304,2.6228475000000304,2.734093500000027,2.6228475000000304,2.6228475000000304,2.6228475000000304,2.6228475000000304,2.6228475000000304,3.374491500000039,SDLE2h25m.txt
68.51307216666511,3.6116515000000513,2.6228475000000304,2.6228475000000304,2.6228475000000304,3.0573761666666934,2.6228475000000304,2.6228475000000304,2.6228475000000304,2.6228475000000304,2.6228475000000304,3.828547166666727,SDLE2h30m.txt
69.31963733333178,3.3800328333333756,2.6228475000000304,2.6228475000000304,2.6228475000000304,2.830292500000027,2.6228475000000304,2.6228475000000304,2.6228475000000304,2.6228475000000304,2.6228475000000304,3.4806843333333775,SDLE2h35m.txt
69.46437749999846,3.2642235000000346,2.6228475000000304,2.6228475000000304,2.6228475000000304,3.044044500000027,2.6228475000000304,2.6228475000000304,2.6228475000000304,2.6228475000000304,2.6228475000000304,3.2380015000000353,SDLE2h40m.txt
69.12842949999846,3.2642235000000346,2.6228475000000304,2.6228475000000304,2.6228475000000304,3.212018500000027,2.6228475000000304,2.6228475000000304,2.6228475000000304,2.6228475000000304,2.6228475000000304,3.4059755000000393,SDLE2h45m.txt
68.65917416666511,3.2642235000000346,2.6228475000000304,2.6228475000000304,2.6228475000000304,3.275802166666696,2.6228475000000304,2.6228475000000304,2.790821500000028,2.6228475000000304,2.6228475000000304,3.643473166666721,SDLE2h50m.txt
68.8942728333318,3.2642235000000346,2.6228475000000304,2.6228475000000304,2.6228475000000304,2.9034218333333603,2.6228475000000304,2.6228475000000304,2.874808500000027,2.6228475000000304,2.6228475000000304,3.696768833333388,SDLE2h55m.txt
69.08807616666512,3.4321975000000426,2.6228475000000304,2.6228475000000304,2.6228475000000304,2.8065201666666937,2.6228475000000304,2.6228475000000304,2.790821500000027,2.6228475000000304,2.6228475000000304,3.5158801666667125,SDLE3h0m.txt
69.03431549999846,3.768144500000059,2.6228475000000304,2.6228475000000304,2.6228475000000304,2.920257500000027,2.6228475000000304,2.6228475000000304,2.6228475000000304,2.6228475000000304,2.6228475000000304,3.2879285000000347,SDLE3h5m.txt
69.72303183333179,3.768144500000059,2.6228475000000304,2.6228475000000304,2.6228475000000304,2.662756833333362,2.6228475000000304,2.6228475000000304,2.6228475000000304,2.6228475000000304,2.6228475000000304,2.856713833333371,SDLE3h10m.txt
69.80285049999844,3.3837540000000472,2.6228475000000304,2.6228475000000304,2.6228475000000304,2.6228475000000304,2.6228475000000304,2.6228475000000304,2.6228475000000304,2.6228475000000304,2.6228475000000304,3.2011950000000344,SDLE3h15m.txt
69.80838866666512,2.9993635000000367,2.6228475000000304,2.6228475000000304,2.6228475000000304,2.8122731666666936,2.6228475000000304,2.6228475000000304,2.6228475000000304,2.6228475000000304,2.6228475000000304,3.390620666666705,SDLE3h20m.txt
69.70829966666511,2.9993635000000367,2.6228475000000304,2.6228475000000304,2.6228475000000304,2.7386151666666936,2.6228475000000304,2.6228475000000304,2.6228475000000304,2.6228475000000304,2.6228475000000304,3.564367666666716,SDLE3h25m.txt
66.8266468333318,2.9993635000000367,2.6228475000000304,2.6228475000000304,2.6228475000000304,3.8635438333334027,2.6228475000000304,2.6228475000000304,3.254643000000029,2.6228475000000304,2.6228475000000304,4.68929633333346,SDLE3h30m.txt
67.72705616666512,2.9993635000000367,2.6228475000000304,2.6228475000000304,2.6228475000000304,3.413339166666704,2.6228475000000304,2.6228475000000304,3.254643000000029,2.6228475000000304,2.6228475000000304,4.239091666666769,SDLE3h35m.txt
68.46421083333179,2.811105500000027,2.6228475000000304,2.6228475000000304,2.6228475000000304,3.0447618333333604,2.6228475000000304,2.6228475000000304,3.254643000000029,2.6228475000000304,2.6228475000000304,4.058772333333416,SDLE3h40m.txt
68.25769183333179,3.254643000000029,2.6228475000000304,2.6228475000000304,2.6228475000000304,3.14802183333336,2.6228475000000304,2.6228475000000304,2.6228475000000304,2.6228475000000304,2.6228475000000304,4.350291333333433,SDLE3h45m.txt
68.63973549999847,3.886438500000064,2.6228475000000304,2.6228475000000304,2.6228475000000304,2.956999500000027,2.6228475000000304,2.6228475000000304,2.6228475000000304,2.6228475000000304,2.6228475000000304,3.5274735000000454,SDLE3h50m.txt
68.10474616666512,3.886438500000064,2.6228475000000304,2.6228475000000304,2.6228475000000304,3.109696166666694,2.6228475000000304,2.6228475000000304,2.6228475000000304,2.6228475000000304,2.6228475000000304,3.9097661666667323,SDLE3h55m.txt
68.11321283333179,3.886438500000064,2.6228475000000304,2.6228475000000304,2.6228475000000304,3.2692188333333623,2.6228475000000304,2.6228475000000304,2.6228475000000304,2.6228475000000304,2.6228475000000304,3.74177583333339,SDLE4h0m.txt
68.66706699999845,3.886438500000064,2.6228475000000304,2.6228475000000304,2.6228475000000304,2.989463500000027,2.6228475000000304,2.6228475000000304,2.6228475000000304,2.6228475000000304,2.6228475000000304,3.4676770000000428,SDLE4h5m.txt
68.54608866666513,3.886438500000064,2.6228475000000304,2.6228475000000304,2.6228475000000304,3.1558511666666935,2.6228475000000304,2.6228475000000304,2.6228475000000304,2.6228475000000304,2.6228475000000304,3.422267666666708,SDLE4h10m.txt
69.12228749999846,3.886438500000064,2.6228475000000304,2.6228475000000304,2.6228475000000304,2.8315215000000267,2.6228475000000304,2.6228475000000304,2.6228475000000304,2.6228475000000304,2.6228475000000304,3.1703985000000356,SDLE4h15m.txt
67.99697966666511,3.886438500000064,2.6228475000000304,2.6228475000000304,2.6228475000000304,3.0967331666666937,2.6228475000000304,2.6228475000000304,2.789141500000027,2.6228475000000304,2.6228475000000304,3.864200666666732,SDLE4h20m.txt
66.82706849999846,3.886438500000064,2.6228475000000304,2.6228475000000304,2.6228475000000304,3.29367950000003,2.6228475000000304,2.6228475000000304,3.384026000000046,2.6228475000000304,2.6228475000000304,4.242281000000096,SDLE4h25m.txt
66.70794449999845,3.886438500000064,2.6228475000000304,2.6228475000000304,2.6228475000000304,3.062844500000027,2.6228475000000304,2.6228475000000304,3.570596000000057,2.6228475000000304,2.6228475000000304,4.405671000000105,SDLE4h30m.txt
65.99011016666513,4.135879500000087,2.6228475000000304,2.6228475000000304,2.6228475000000304,3.131364166666694,2.6228475000000304,2.6228475000000304,3.9019485000000818,2.6228475000000304,2.6228475000000304,4.474190166666782,SDLE4h35m.txt
65.84879316666512,4.560185833333434,2.6228475000000304,2.6228475000000304,2.6228475000000304,3.1168941666666936,2.6228475000000304,2.6228475000000304,3.37850583333337,2.6228475000000304,2.6228475000000304,4.729114500000134,SDLE4h40m.txt
66.0910428333318,5.132479166666816,2.6228475000000304,2.6228475000000304,2.6228475000000304,2.9106408333333604,2.6228475000000304,2.6228475000000304,3.092359166666694,2.6228475000000304,2.6228475000000304,4.406972500000106,SDLE4h45m.txt
66.02232099999846,5.7488290000001605,2.6228475000000304,2.6228475000000304,2.6228475000000304,2.888975500000027,2.6228475000000304,2.6228475000000304,2.6228475000000304,2.6228475000000304,2.6228475000000304,4.3505215000001,SDLE4h50m.txt
65.86960749999847,6.169489500000212,2.6228475000000304,2.6228475000000304,2.6228475000000304,3.1648355000000303,2.6228475000000304,2.6228475000000304,2.6228475000000304,2.6228475000000304,2.6228475000000304,3.8067135000000607,SDLE4h55m.txt
64.84308666666513,5.907193000000191,2.6228475000000304,2.6228475000000304,2.6228475000000304,3.084615500000027,2.6228475000000304,2.6228475000000304,3.0272201666666936,2.6228475000000304,2.6228475000000304,4.7713781666668025,SDLE5h0m.txt
63.149090166665125,6.171984500000212,2.6228475000000304,2.6228475000000304,2.6228475000000304,2.868128166666694,2.6228475000000304,2.6228475000000304,3.4655870000000393,2.6228475000000304,2.6228475000000304,5.978704666666849,SDLE5h5m.txt
59.8988918333318,6.171984500000212,2.6228475000000304,2.6228475000000304,2.6228475000000304,3.048750500000027,2.6228475000000304,2.6228475000000304,3.2549498333333733,2.6228475000000304,2.6228475000000304,9.258917833333067,SDLE5h10m.txt
58.415439833331796,6.773529500000063,2.6228475000000304,2.6228475000000304,2.6228475000000304,2.9965031666666935,2.6228475000000304,2.6228475000000304,5.0012011666667835,2.6228475000000304,2.6228475000000304,8.446819833333079,SDLE5h15m.txt
56.56692266666513,7.624068833333261,2.6228475000000304,2.6228475000000304,2.6228475000000304,2.7246868333333603,2.6228475000000304,2.6228475000000304,6.0340001666667735,2.6228475000000304,2.6228475000000304,8.683814999999745,SDLE5h20m.txt
53.29944816666523,8.920803333333222,2.6228475000000304,2.6228475000000304,2.6228475000000304,2.6582225000000292,2.6228475000000304,2.6228475000000304,7.205080499999881,2.6228475000000304,2.6228475000000304,9.549938999999746,SDLE5h25m.txt
52.138256833331965,10.938684333333077,2.6228475000000304,2.6228475000000304,2.6228475000000304,2.80689383333336,2.6228475000000304,2.6228475000000304,7.993798333333178,2.6228475000000304,2.6228475000000304,7.75586016666648,SDLE5h30m.txt
50.47479233333249,12.94562199999993,2.6228475000000304,2.6228475000000304,2.7732408333333636,2.8510898333333605,2.6228475000000304,2.6228475000000304,5.504595333333449,2.6228475000000304,2.6228475000000304,9.706999666666412,SDLE5h35m.txt
48.22062783333295,14.118294666666806,2.6228475000000304,2.6228475000000304,2.848437500000027,2.9232028333333604,2.6228475000000304,2.6228475000000304,5.08114816666677,2.6228475000000304,2.6228475000000304,11.064628999999742,SDLE5h40m.txt
46.89285066666628,13.820656000000128,2.6228475000000304,2.6228475000000304,2.6228475000000304,3.142696500000027,2.6228475000000304,2.6228475000000304,4.97494666666678,2.6228475000000304,2.6228475000000304,12.802341666666539,SDLE5h45m.txt
47.257203499999605,15.76610083333367,2.6228475000000304,2.6228475000000304,2.6228475000000304,2.871830500000027,2.6228475000000304,2.6228475000000304,6.180517833333546,2.6228475000000304,2.6228475000000304,9.557840833333078,SDLE5h50m.txt
45.57957833333294,16.79253166666696,2.6228475000000304,2.6228475000000304,2.6228475000000304,2.920957166666694,2.6228475000000304,2.6228475000000304,5.227154333333456,2.6228475000000304,2.6228475000000304,11.113271999999734,SDLE5h55m.txt
43.315873333332945,18.1149746666671,2.6228475000000304,2.6228475000000304,2.6228475000000304,3.156706500000037,2.6228475000000304,2.6228475000000304,4.5490220000001225,2.6228475000000304,2.6228475000000304,12.496916999999744,SDLE6h0m.txt
40.52857066666628,20.684744333333764,2.6228475000000304,2.6228475000000304,2.977445500000027,2.9779498333333603,2.6228475000000304,2.6228475000000304,5.5405471666667685,2.6228475000000304,2.6228475000000304,11.547080499999742,SDLE6h5m.txt
38.70405699999961,21.370876166667095,2.6228475000000304,2.6228475000000304,3.5708301666667173,2.8149208333333604,2.6228475000000304,2.6228475000000304,6.34591316666675,2.6228475000000304,2.6228475000000304,11.44974166666641,SDLE6h10m.txt
38.16671599999961,22.113988833333767,2.6228475000000304,2.6228475000000304,4.0484035000000755,2.778929500000027,2.6228475000000304,2.6228475000000304,6.217165333333432,2.6228475000000304,2.6228475000000304,10.931137833333066,SDLE6h15m.txt
37.16239749999961,23.694919666667097,2.6228475000000304,2.6228475000000304,4.0484035000000755,2.770607500000027,2.6228475000000304,2.6228475000000304,5.302135833333455,2.6228475000000304,2.6228475000000304,11.277875999999745,SDLE6h20m.txt
36.58144966666627,22.482652666667093,2.6538898333333636,2.6228475000000304,4.213034833333426,2.6228475000000304,2.6228475000000304,2.6228475000000304,5.249063333333448,2.6228475000000304,2.6228475000000304,13.076249666666634,SDLE6h25m.txt
35.35585266666628,21.204625333333762,2.71597450000003,2.6228475000000304,4.295350500000101,2.6228475000000304,2.6228475000000304,2.6228475000000304,5.159360500000107,2.6228475000000304,2.6228475000000304,15.525177500000428,SDLE6h30m.txt
34.41108149999961,19.361397000000434,2.6538898333333636,2.6228475000000304,4.0484035000000755,2.6228475000000304,2.6228475000000304,2.6228475000000304,4.955081500000113,2.6538898333333627,2.716946000000027,18.701346833333766,SDLE6h35m.txt
33.30994033333294,18.060031333333644,2.9738995000000266,2.6228475000000304,4.0484035000000755,2.7185255000000272,2.6228475000000304,2.6228475000000304,5.114812333333439,2.6538898333333627,2.8110445000000355,20.434333666667094,SDLE6h40m.txt
30.402214666666282,15.17256850000014,3.3249515000000347,2.6228475000000304,4.0484035000000755,2.828659166666694,2.693155000000028,2.6228475000000304,6.612552999999992,2.6228475000000304,2.8110445000000355,24.2313306666671,SDLE6h45m.txt
28.81514133333295,15.971079000000149,3.3249515000000347,2.6228475000000304,3.6938055000000616,2.75482083333336,2.872288500000027,2.6228475000000304,7.525428999999841,2.6228475000000304,2.8110445000000355,24.35632133333376,SDLE6h50m.txt
27.89885049999974,15.02496000000014,2.9738995000000266,2.6228475000000304,3.9263140000000787,2.6228475000000304,2.840983166666696,3.0904241666666934,6.081933000000103,2.6228475000000304,2.8110445000000355,27.476473666666294,SDLE6h55m.txt
25.65541216666688,13.562409500000111,2.6228475000000304,2.6675760000000284,4.2551168333334255,2.7265361666666936,2.872288500000027,2.6228475000000304,6.230692833333438,2.6228475000000304,2.8110445000000355,31.34380499999962,SDLE7h0m.txt
24.0298786666671,13.730337000000109,2.966913500000027,2.65266650000003,4.156556500000085,2.9191131666666936,2.7891415000000293,2.7891415000000293,7.457919499999817,2.6228475000000304,2.8110445000000355,31.067864166666265,SDLE7h5m.txt
23.856205166667095,14.836873833333472,3.5683701666667145,2.6228475000000304,3.916943500000073,2.7717368333333603,2.6228475000000304,2.6228475000000304,8.203627833333224,2.6228475000000304,2.8110445000000355,29.537232166666293,SDLE7h10m.txt
23.3083481666671,15.918929000000295,4.379692666666767,2.6228475000000304,3.0617746666666936,2.6762611666666944,2.946779000000027,2.6228475000000304,7.460344166666549,2.7994781666666935,2.716946000000027,29.479177999999624,SDLE7h15m.txt
21.355582666667097,15.969643666666805,4.902697250000104,2.6228475000000304,2.8673250000000268,2.666976166666695,2.6228475000000304,2.6228475000000304,5.581933916666768,2.911787750000027,2.6228475000000304,33.246086583332946,SDLE7h20m.txt
19.434639166667097,14.08295950000014,4.2555825000001,2.6228475000000304,2.6228475000000304,2.666976166666695,3.085621500000027,2.6228475000000304,7.096513499999878,2.6708360000000284,2.6228475000000304,36.20890566666629,SDLE7h25m.txt
18.175110166667093,13.67379700000011,3.450829166666705,2.6228475000000304,3.3909345000000366,2.6608008333333624,2.6228475000000304,2.6228475000000304,8.745410833333235,2.6228475000000304,2.6228475000000304,36.782301999999625,SDLE7h30m.txt
17.125671833333765,14.259075000000138,3.4792901666667175,2.7732408333333605,4.370521333333442,2.6608008333333624,2.953756750000027,2.7258877500000303,8.271108583333264,2.6228475000000304,2.6228475000000304,36.128375916666286,SDLE7h35m.txt
16.333207833333766,13.777370333333444,3.194789666666694,3.074027500000038,3.5046831666667195,2.6228475000000304,3.099114000000027,2.8689435000000296,8.836699333333263,2.6228475000000304,2.6228475000000304,37.43604616666628,SDLE7h40m.txt
15.521184166667107,14.913969333333474,2.6228475000000304,3.074027500000038,3.01065983333336,2.6228475000000304,2.885144000000027,2.6228475000000304,10.487786666666596,2.6228475000000304,2.6228475000000304,36.98641699999962,SDLE7h45m.txt
14.342920500000139,16.04857150000014,3.345192333333366,2.73564250000003,3.1318595000000373,2.6228475000000304,3.412491000000037,2.6228475000000304,10.421406333333262,2.6228475000000304,2.6228475000000304,36.06395133333295,SDLE7h50m.txt
12.902808666666582,17.461147333333745,3.886135000000074,2.6228475000000304,2.9057111666666935,2.6228475000000304,3.5268040000000447,2.6228475000000304,8.262673833333261,2.6228475000000304,2.6228475000000304,37.93390749999962,SDLE7h55m.txt
12.372035499999745,18.68375700000043,4.130015666666764,2.6228475000000304,2.6653840000000284,2.6228475000000304,3.1945785000000275,2.864880000000027,6.759992666666621,2.6228475000000304,2.6228475000000304,38.83139066666628,SDLE8h0m.txt
11.13663083333308,18.91696275000043,4.202343583333432,2.6228475000000304,3.221419500000027,2.6746748333333614,3.7919138333333975,2.6228475000000304,6.785775250000037,2.6228475000000304,2.6228475000000304,38.77231141666628,SDLE8h5m.txt
10.140122833333079,17.5610126666671,4.392130833333434,2.6228475000000304,3.7595060000000653,2.6746748333333614,3.5248835000000445,3.316898500000038,6.30217983333343,2.6228475000000304,2.6228475000000304,40.45347249999961,SDLE8h10m.txt
9.354843499999745,16.375931000000136,3.357745333333368,2.6228475000000304,3.505000000000047,2.6228475000000304,3.4407196666667055,3.2661021666667027,7.14550433333321,2.6228475000000304,2.6228475000000304,43.05618699999961,SDLE8h15m.txt
8.482041833333117,17.17059150000014,2.94566083333336,2.6228475000000304,2.8947613333333613,2.6228475000000304,3.3992528333333696,3.4493461666667122,7.803287999999914,2.6228475000000304,2.6228475000000304,43.35708849999961,SDLE8h20m.txt
7.709932333333263,17.2818406666671,3.1249455000000372,2.6228475000000304,2.7079205000000295,2.6228475000000304,2.971370500000027,3.2908835000000374,7.458181499999927,2.6228475000000304,2.6228475000000304,44.95695849999961,SDLE8h25m.txt
7.366024999999926,17.959168000000428,3.092909500000027,2.6228475000000304,2.7079205000000295,2.6228475000000304,3.0676285000000267,3.232797500000035,6.930236499999929,2.6228475000000304,2.6228475000000304,45.14534849999961,SDLE8h30m.txt
6.719601500000072,18.3043936666671,3.10296683333336,2.6228475000000304,3.166342000000027,2.6228475000000304,3.0530755000000265,3.4629680000000462,6.629810499999998,2.6228475000000304,2.6228475000000304,45.062875999999626,SDLE8h35m.txt
5.658263000000179,18.7580676666671,3.182274166666694,2.6228475000000304,3.939612000000075,2.6228475000000304,3.5555691666667126,3.232797500000035,5.719672000000116,2.6228475000000304,2.6228475000000304,45.45577549999961,SDLE8h40m.txt
4.694882833333446,19.0508871666671,3.0433765000000355,2.6228475000000304,4.1259875000000825,2.6228475000000304,3.789905000000064,3.4724095000000474,5.156687500000118,2.6228475000000304,2.6228475000000304,46.16789799999962,SDLE8h45m.txt
4.2866200000001,17.186165166666807,2.978079000000027,2.6228475000000304,3.6119545000000612,2.6228475000000304,2.960418000000027,4.496389500000108,6.9981011666666575,2.6228475000000304,2.6228475000000304,46.984306666666285,SDLE8h50m.txt
3.819480000000065,15.98352100000014,2.9127815000000385,2.6228475000000304,3.471537000000044,2.6228475000000304,2.952367500000027,4.736001500000108,7.218917999999859,2.6228475000000304,2.6228475000000304,48.40742849999962,SDLE8h55m.txt
3.5966415000000516,17.810614166666983,2.7678145000000267,2.6228475000000304,3.29863150000003,2.6228475000000304,3.2102355000000276,4.496389500000108,6.796944166666617,2.6228475000000304,2.6708360000000284,47.476775666666285,SDLE9h0m.txt
3.5441095000000464,18.670577833333766,3.1971828333333603,2.6228475000000304,3.5562930000000574,2.6228475000000304,2.7390672500000273,4.520383750000108,6.362746666666752,2.6228475000000304,2.6468417500000303,46.887677916666284,SDLE9h5m.txt
3.5441095000000464,18.129063333333765,4.40833150000009,2.6228475000000304,3.610433000000062,2.6228475000000304,2.843977000000027,4.639906500000108,6.562076333333349,2.6228475000000304,2.6228475000000304,45.76413783333296,SDLE9h10m.txt
3.5441095000000464,17.296960666667097,3.409403833333371,2.6228475000000304,3.489640000000052,2.6228475000000304,3.0668453333333603,4.496389500000108,7.3485516666664905,2.6228475000000304,2.6228475000000304,46.85013249999962,SDLE9h15m.txt
3.5441095000000464,15.71570500000014,3.5901263333333837,2.6228475000000304,3.57186000000005,2.6228475000000304,2.6228475000000304,4.8338505000001035,6.445614333333401,2.6228475000000304,2.6228475000000304,49.17791883333295,SDLE9h20m.txt
3.5441095000000464,16.11712300000026,4.318403833333431,2.6228475000000304,3.42755200000004,2.6228475000000304,2.709676000000027,3.254643000000029,5.455719833333445,2.6228475000000304,2.6228475000000304,50.67480783333238,SDLE9h25m.txt
3.436202833333373,17.381639000000185,4.3325813333334215,2.6228475000000304,3.2766385000000406,2.6228475000000304,3.422589333333371,2.95603333333336,5.94623500000011,2.704313166666694,2.6509215000000292,48.64057299999961,SDLE9h30m.txt
3.382249500000039,17.308753833333768,4.611184333333441,2.6228475000000304,3.0831885000000376,2.6228475000000304,3.16946133333336,2.792507666666694,6.932474166666604,2.824152000000027,2.7070695000000295,47.93668616666629,SDLE9h35m.txt
3.1939915000000374,14.153074833333475,4.711155166666771,2.6228475000000304,3.0831885000000376,2.6228475000000304,3.1185330000000273,2.6228475000000304,7.640827999999837,2.7667375000000294,2.7074950000000273,50.74987799999899,SDLE9h40m.txt
3.0057335000000367,12.943348833333266,4.2772810000001,2.6228475000000304,2.7762945000000303,2.6228475000000304,3.2420705000000294,2.7403251666666955,8.061527666666594,2.7531541666666937,2.7079205000000295,52.24007416666527,SDLE9h45m.txt
2.9572600000000384,13.45175316666677,4.3657615000001,2.6228475000000304,2.652967833333363,2.6228475000000304,2.841737500000027,3.227090833333361,8.223605166666584,2.742614500000027,2.7079205000000295,51.577018999998714,SDLE9h50m.txt
2.9087865000000384,13.295556333333385,4.040765500000081,3.1634975000000356,3.377427500000037,2.6228475000000304,3.049330500000027,3.3837345000000387,8.057862833333175,2.868381500000027,2.7079205000000295,50.5173133333325,SDLE9h55m.txt
2.9087865000000384,12.76059799999985,3.922025833333414,2.893172500000027,3.528703000000053,2.6228475000000304,2.965489500000027,3.702597500000064,6.2455460000001,3.3875235000000385,2.7079205000000295,52.34821266666526,SDLE10h0m.txt
2.9087865000000384,12.249813499999744,3.786162500000076,2.6228475000000304,4.020762500000084,2.6228475000000304,2.689040500000028,3.6146110000000573,5.730882000000107,3.1775240000000267,2.7079205000000295,53.86222499999859,SDLE10h5m.txt
2.9087865000000384,12.940434333333261,3.4540786666667165,2.6228475000000304,4.34025033333344,2.6228475000000304,3.2736165000000295,3.290679500000034,5.76069766666677,3.0431075000000374,2.737441500000029,52.9986374999986,SDLE10h10m.txt
2.9087865000000384,13.661665333333442,3.760291166666737,2.6228475000000304,4.198658000000097,2.6228475000000304,2.763508500000027,3.370262000000046,5.950141166666766,3.2724418333333727,2.7079205000000295,52.15405399999865,SDLE10h15m.txt
2.9087865000000384,14.064708500000137,3.8484831666667447,2.6228475000000304,3.5273266666667107,2.6228475000000304,3.1985510000000272,2.917701000000027,5.386945000000104,3.224646000000038,2.737441500000029,52.93314066666527,SDLE10h20m.txt
2.841248500000032,14.927200833333512,3.5605805000000585,2.6228475000000304,2.984501500000027,2.6228475000000304,3.4061520000000365,2.707948500000027,6.108861166666765,3.0508375000000374,2.7964835000000345,52.36391399999858,SDLE10h25m.txt
2.7737115000000316,15.060005333333471,3.1017603333333708,2.6228475000000304,2.99755683333336,2.6228475000000304,3.557297000000047,3.266794833333371,6.609696000000094,2.9129116666666937,2.7964835000000345,51.671510999998695,SDLE10h30m.txt
3.022211000000027,14.906604333333473,3.06224383333336,2.6228475000000304,3.4056885000000396,2.6228475000000304,4.006771666666749,3.7271591666667354,5.838431166666777,2.778380500000027,2.886483500000035,51.113757333332266,SDLE10h35m.txt
3.270710500000034,13.987710333333473,3.023712500000027,2.6228475000000304,3.4056885000000396,2.6228475000000304,2.986313500000027,3.424161500000047,4.439769333333457,2.6228475000000304,2.8824155000000364,54.70440083333179,SDLE10h40m.txt
3.270710500000034,14.751371333333474,3.0804008333333677,2.6228475000000304,3.226656000000036,2.6228475000000304,2.759331000000027,3.1474405000000356,4.424982166666784,2.6228475000000304,2.8824155000000364,54.58157466666511,SDLE10h45m.txt
3.270710500000034,14.288783500000138,3.190640500000038,2.6228475000000304,2.945750500000027,2.6228475000000304,2.927822500000027,5.035907000000106,4.48198550000012,2.683716500000028,2.8824155000000364,53.039996999998586,SDLE10h50m.txt
3.270710500000034,14.093424333333473,3.037422833333371,2.6228475000000304,2.8890570000000375,2.6228475000000304,3.5833715000000503,3.964951500000074,4.869688833333438,2.8054545000000353,2.9416810000000364,53.29196599999857,SDLE10h55m.txt
3.270710500000034,13.937320500000144,3.0335710000000375,2.6228475000000304,3.1097040000000384,2.6228475000000304,3.4070053333333705,4.249129500000101,4.161670333333433,2.81810683333336,3.048455500000037,53.71205549999852,SDLE11h0m.txt
3.270710500000034,12.330897166666412,2.954740833333363,2.6228475000000304,3.2015276666667045,2.6228475000000304,2.6703565000000284,4.180701500000097,3.53031533333339,2.9365665000000365,3.000946500000037,56.67096549999845,SDLE11h5m.txt
3.270710500000034,11.298121499999745,2.9413050000000367,2.6228475000000304,3.3479545000000446,2.6228475000000304,3.08415633333336,5.0603131666667736,3.502897000000052,3.110355000000033,2.886942166666704,56.244972833331765,SDLE11h10m.txt
3.270710500000034,11.317646666666413,2.9305245000000366,2.6228475000000304,3.417812500000048,2.6228475000000304,3.08464533333336,5.260971500000135,4.408070333333454,2.897973000000033,3.071906500000037,55.08746616666512,SDLE11h15m.txt
3.270710500000034,11.956576999999747,3.1011605000000366,2.6228475000000304,3.3475380000000423,2.6228475000000304,2.810158500000027,5.2087808333334475,4.675909833333457,2.8291605000000333,3.3623460000000382,54.185385333331894,SDLE11h20m.txt
3.270710500000034,14.17795650000014,3.328093000000039,2.6228475000000304,3.089955500000035,2.6228475000000304,3.988493500000081,4.327536500000102,4.3880950000001215,2.8330490000000297,3.23960950000004,52.10422899999868,SDLE11h25m.txt
3.270710500000034,15.050048500000141,3.2627065000000393,2.6228475000000304,3.0576770000000355,2.6228475000000304,4.471795166666779,5.517835333333507,4.452065166666777,2.687074500000028,2.947416000000037,50.03039833333289,SDLE11h30m.txt
3.270710500000034,15.060634333333473,3.064890500000037,2.6228475000000304,3.1439345000000363,2.6228475000000304,4.052711500000087,6.145717166666815,4.2082165000001055,2.6228475000000304,2.8273105000000367,50.350755999999194,SDLE11h35m.txt
3.270710500000034,15.56309933333358,3.064890500000037,2.6228475000000304,2.970219500000035,2.6228475000000304,5.831391250000113,4.637786916666766,3.646980500000067,2.6228475000000304,2.7384122500000294,50.40138974999917,SDLE11h40m.txt
3.270710500000034,16.789346000000428,2.9324600000000345,2.6228475000000304,2.9115155000000383,2.6228475000000304,3.2175608333333603,6.291538333333549,4.124895500000099,2.6228475000000304,2.665813500000029,49.92104133333295,SDLE11h45m.txt
3.270710500000034,16.311189500000268,2.8000305000000347,2.6228475000000304,2.9456615000000297,2.6228475000000304,2.8382096666666934,5.777602333333523,5.433798166666777,2.6228475000000304,2.6228475000000304,50.12482983333274,SDLE11h50m.txt
3.270710500000034,15.024985166666808,2.906697500000035,2.6228475000000304,3.5121300000000555,2.6228475000000304,2.709676000000027,5.630276500000183,5.340377166666789,2.6228475000000304,2.6228475000000304,51.1071821666656,SDLE11h55m.txt
3.270710500000034,15.232769166666808,3.0922975000000372,2.6535795000000295,3.878573500000083,2.6228475000000304,2.981027500000027,6.0660488333335385,5.225336833333455,2.6228475000000304,2.6228475000000304,49.72453916666628,SDLE12h0m.txt
3.270710500000034,16.624493833333716,3.4747676666667164,2.6228475000000304,3.799135500000067,2.6228475000000304,2.945054500000027,5.667737500000099,5.125735166666778,2.7017798333333607,2.6228475000000304,48.51546699999962,SDLE12h5m.txt
3.270710500000034,17.73058100000043,3.4876621666667176,2.6228475000000304,3.758053833333399,2.6228475000000304,2.733362000000027,4.337485166666757,4.997341666666785,2.665813500000029,2.6228475000000304,49.14387166666629,SDLE12h10m.txt
3.270710500000034,16.155347833333472,3.7511185000000578,2.6228475000000304,3.9230780000000736,2.6228475000000304,3.032268000000027,4.189022000000091,5.152259833333442,2.6228475000000304,2.6228475000000304,50.028229333332895,SDLE12h15m.txt
3.270710500000034,16.075873000000392,3.69325183333339,2.6228475000000304,3.8139415000000696,2.6228475000000304,2.8369035000000267,3.8774030000000765,6.058458833333432,2.6228475000000304,2.6748540000000283,49.823485333332954,SDLE12h20m.txt
3.270710500000034,16.18168050000014,3.6200130000000574,2.6228475000000304,3.464584000000043,2.6228475000000304,2.9302647500000267,3.4459595833333765,6.469401000000039,2.6228475000000304,2.6831750833333636,50.05909308333284,SDLE12h25m.txt
3.270710500000034,18.946687166667097,3.501813833333379,2.6228475000000304,3.464584000000043,2.6228475000000304,2.6748540000000283,3.3889625000000416,5.824892333333482,2.6228475000000304,2.7258205000000295,48.32655566666628,SDLE12h30m.txt
3.270710500000034,19.619622500000432,3.6863258333333917,2.6228475000000304,3.668019000000058,2.6228475000000304,2.7461100000000274,4.088096833333417,5.135970166666766,2.6228475000000304,2.6571718333333627,47.25285283333294,SDLE12h35m.txt
3.270710500000034,19.367717333333765,3.503758500000051,2.6228475000000304,3.773117500000062,2.6228475000000304,2.890827500000027,3.600274000000058,5.214087833333433,2.6228475000000304,2.6228475000000304,47.88154083333295,SDLE12h40m.txt
3.270710500000034,23.11682200000043,3.2486888333333725,2.6228475000000304,3.773117500000062,2.6228475000000304,2.7692785000000266,3.6082488333333917,4.7981530000001165,2.6228475000000304,2.6228475000000304,44.91701383333296,SDLE12h45m.txt
3.270710500000034,23.474609833333766,2.6662475000000287,2.6228475000000304,3.655781000000058,2.6228475000000304,2.825566166666694,3.3005241666667047,4.7797210000001105,2.729007000000027,2.6571718333333627,45.38838999999963,SDLE12h50m.txt
3.270710500000034,24.079125833333762,2.6711538333333635,2.6228475000000304,3.5446260000000493,2.6228475000000304,2.853642000000027,4.133591500000092,4.470734166666782,2.6936205000000277,2.7258205000000295,44.30470416666629,SDLE12h55m.txt
3.270710500000034,23.978411333333764,2.8300860000000307,2.6228475000000304,3.309952000000041,2.6228475000000304,3.0128531666666936,4.274124666666762,4.69342083333345,2.6228475000000304,2.6743340000000284,44.08098899999962,SDLE13h0m.txt
3.5047451666667153,23.477878833333765,2.8924065000000367,2.6228475000000304,3.368665166666714,2.6228475000000304,2.6228475000000304,4.3872815000001,5.059129500000104,2.6228475000000304,2.6228475000000304,44.18907883333295,SDLE13h5m.txt
3.9728145000000707,23.2041111666671,2.757627000000027,2.6228475000000304,3.4153960000000447,2.6228475000000304,2.6228475000000304,4.692452500000126,6.757178666666672,2.6228475000000304,2.6228475000000304,42.07960666666628,SDLE13h10m.txt
3.9728145000000707,23.3545726666671,2.8143485000000297,2.6228475000000304,3.185225500000035,2.6228475000000304,2.6228475000000304,5.5269630000001815,6.688425666666724,2.6228475000000304,2.6228475000000304,41.336838666666274,SDLE13h15m.txt
3.9728145000000707,23.707372166667096,2.846014500000029,2.6228475000000304,3.058014000000038,2.6228475000000304,2.853018000000027,6.3961875000001545,5.7108968333334325,2.6228475000000304,2.6228475000000304,40.957715499999615,SDLE13h20m.txt
3.9728145000000707,22.946742333333763,2.909346500000038,2.6228475000000304,2.9520707500000385,2.6228475000000304,3.4145002500000374,6.100608083333459,5.739133166666773,2.6228475000000304,2.6228475000000304,41.46681841666629,SDLE13h25m.txt
3.9728145000000707,23.635927000000432,2.826253833333366,2.6228475000000304,3.23980500000004,2.6228475000000304,3.0898508333333603,5.331405333333432,5.546217333333457,2.6228475000000304,2.6228475000000304,41.85975916666628,SDLE13h30m.txt
3.9728145000000707,25.714689500000187,2.7734446666666934,2.6228475000000304,3.604395500000056,2.6228475000000304,2.8406636666666936,4.596492666666773,6.097735000000102,2.6228475000000304,2.6228475000000304,39.90179549999962,SDLE13h35m.txt
3.648883000000059,23.414983166667096,3.0408733333333706,2.6228475000000304,3.7381630000000645,2.6228475000000304,2.963987500000027,5.406270500000104,6.256603500000112,2.6228475000000304,2.6228475000000304,41.032266999999614,SDLE13h40m.txt
3.3249515000000347,24.474773666667097,3.4011160000000396,2.6228475000000304,3.731269500000056,2.6228475000000304,2.7743868333333603,5.395481666666808,6.2517285000001035,2.6228475000000304,2.6228475000000304,40.14832633333295,SDLE13h45m.txt
3.3249515000000347,25.86026383333345,3.1617173333333604,2.6228475000000304,3.726241500000064,2.6228475000000304,3.288967333333363,5.054507333333474,5.852020166666811,2.6228475000000304,2.6228475000000304,39.23336399999962,SDLE13h50m.txt
3.3249515000000347,25.220106666667068,2.8928811666667023,2.6228475000000304,3.721214500000056,2.6228475000000304,3.0954380000000272,5.143589833333454,4.7497303333334555,2.6228475000000304,2.6228475000000304,41.35412199999961,SDLE13h55m.txt
3.307747000000031,25.42182366666698,3.0780018333333703,2.6228475000000304,3.6357618333333925,2.6228475000000304,3.524525833333377,5.672009333333529,5.267177166666778,2.6228475000000304,2.6228475000000304,39.59498733333296,SDLE14h0m.txt
3.9926465000000704,25.053329166667115,3.128587500000038,2.6228475000000304,3.5343515000000485,2.6228475000000304,2.8904695000000267,6.649019166666766,6.878904833333321,2.6228475000000304,2.6228475000000304,37.37472683333296,SDLE14h5m.txt
4.316578000000101,25.85150966666678,3.137924500000038,2.6228475000000304,3.5367105000000487,2.6228475000000304,3.1826100000000275,5.599149166666819,7.8003366666665945,2.6228475000000304,2.6726325000000304,36.02742849999962,SDLE14h10m.txt
4.640509500000121,26.518472083333368,3.186750750000037,2.6228475000000304,3.3870766666667134,2.6228475000000304,2.770823500000027,4.729102833333433,6.6348968333333795,2.6447667500000294,2.772202500000031,37.46312758333294,SDLE14h15m.txt
4.640509500000121,25.76730850000016,2.986529333333363,2.6228475000000304,3.2619128333333713,2.6228475000000304,3.0193930000000266,4.756243000000099,7.001831499999997,2.6228475000000304,2.772202500000031,37.918951333332956,SDLE14h20m.txt
4.316578000000101,25.217779500000397,2.72176250000003,2.6228475000000304,3.238608833333364,2.6228475000000304,3.093379500000027,4.8027215000001116,7.650075666666595,2.6228475000000304,2.8156025000000313,38.268373499999626,SDLE14h25m.txt
3.64159350000006,25.500897833333593,2.72176250000003,2.6228475000000304,3.2410325000000384,2.6228475000000304,2.913312000000027,5.87939633333347,7.560935166666595,2.6228475000000304,2.890962500000031,37.77498616666629,SDLE14h30m.txt
3.290541500000034,26.238749000000023,2.672305000000028,2.6228475000000304,3.379801666666713,2.6228475000000304,3.7092450000000587,4.2961801666667725,6.550386833333441,2.6228475000000304,2.923605000000037,39.06406433333296,SDLE14h35m.txt
3.290541500000034,25.985974000000034,2.8501535000000273,2.6228475000000304,3.6992905000000578,2.6228475000000304,3.743972833333394,4.6916906666667675,6.444063166666791,2.6228475000000304,2.8489275000000367,38.570267833332956,SDLE14h40m.txt
3.290541500000034,26.392826833333338,2.8672445000000373,2.6228475000000304,3.507767750000055,2.6228475000000304,4.317127083333437,5.763286083333432,5.277296833333434,2.672305000000028,2.902526000000037,37.7568044166663,SDLE14h45m.txt
3.290541500000034,28.323130666666664,2.704313166666694,2.6228475000000304,3.259607500000035,2.6228475000000304,3.5424620000000453,4.426206000000108,4.923484000000102,2.72176250000003,3.011364500000037,38.54485816666629,SDLE14h50m.txt
3.290541500000034,27.471553249999996,2.9106685000000265,2.6228475000000304,3.259607500000035,2.6228475000000304,2.9744049166666935,3.488223750000046,5.2520883333334485,2.6228475000000304,3.0666035000000376,40.411189249999616,SDLE14h55m.txt
3.290541500000034,29.95512699999983,2.986100000000032,2.6228475000000304,3.259607500000035,2.6228475000000304,2.8072751666666935,4.736368166666772,5.821375000000182,2.6228475000000304,3.0010715000000387,36.267415666666295,SDLE15h0m.txt
3.290541500000034,30.34606466666629,3.004913400000032,2.6228475000000304,3.259607500000035,2.6228475000000304,2.674965566666696,6.192093566666817,5.235522066666778,2.6228475000000304,2.8880315000000376,35.23314073333296,SDLE15h5m.txt
3.290541500000034,30.016315833333334,2.8357470000000293,2.6228475000000304,3.3071165000000375,2.6228475000000304,2.7755068333333623,5.483784666666783,5.3046885000001005,2.6790141666666947,2.8405225000000374,36.21449049999963,SDLE15h10m.txt
3.290541500000034,30.159935499999595,2.8209615000000294,2.6228475000000304,3.2853985000000385,2.6228475000000304,2.7277598333333613,4.075448333333422,5.064881500000109,2.791347500000034,2.8405225000000374,37.69093233333295,SDLE15h15m.txt
3.290541500000034,30.021335333333333,2.925009500000038,2.6228475000000304,3.3813421666667085,2.6228475000000304,2.6888125000000294,4.484891666666772,5.5014985000001,2.6790141666666947,2.8405225000000374,36.934761166666284,SDLE15h20m.txt
3.290541500000034,31.33344483333294,2.9060490000000367,2.6228475000000304,3.5591226666667164,2.6228475000000304,2.907104000000027,3.944172500000074,6.345339666666755,2.6228475000000304,2.8405225000000374,34.99858383333295,SDLE15h25m.txt
3.290541500000034,33.44857733333295,2.877975000000037,2.65967350000003,3.6686925000000583,2.6228475000000304,2.660045500000029,3.976855666666744,6.325190500000105,2.6228475000000304,2.7668705000000293,33.07330699999962,SDLE15h30m.txt
3.290541500000034,33.711477166666285,2.8622971666667034,2.7333255000000296,3.726778500000056,2.6228475000000304,2.685167000000028,4.6956255000001255,5.701159166666782,2.654203166666696,2.7300445000000293,32.57995733333295,SDLE15h35m.txt
3.480701000000045,33.110921333332946,2.9710793333333703,2.7333255000000296,3.608834000000056,2.6228475000000304,3.59585950000005,5.80138000000021,4.996491666666779,2.71691450000003,2.7300445000000293,31.62502316666629,SDLE15h40m.txt
3.6708615000000564,33.716867166666276,3.2571308333333713,2.7333255000000296,3.8748900000000726,2.6228475000000304,3.013933500000027,6.891796333333344,4.920689833333445,2.6698810000000286,2.6764460000000283,29.94475583333293,SDLE15h45m.txt
3.6708615000000564,33.71307133333294,3.4743820000000425,2.7333255000000296,4.820492000000103,2.6228475000000304,2.87675133333336,5.481762333333517,5.03855283333344,2.6228475000000304,2.6228475000000304,30.315680666666285,SDLE15h50m.txt
3.864882000000067,32.71147099999961,3.1137770000000295,2.678086500000028,5.686754666666875,2.6228475000000304,2.739327333333361,5.167206833333432,5.227905500000102,2.6228475000000304,2.704243666666694,30.85407349999964,SDLE15h55m.txt
4.058902500000076,32.69016833333294,2.7698775000000295,2.6228475000000304,5.658675000000202,2.6228475000000304,3.042023000000027,4.495264500000106,6.655633333333368,2.6228475000000304,2.748102500000029,30.006233833332924,SDLE16h0m.txt
4.058902500000076,32.263257499999604,2.7208178333333604,2.6228475000000304,5.412157833333446,2.6228475000000304,2.950020000000027,3.690299500000066,7.155928833333258,2.6228475000000304,2.668484500000029,31.205012999999614,SDLE16h5m.txt
4.058902500000076,32.35697499999961,2.677534000000028,2.6228475000000304,4.745741833333435,2.6228475000000304,2.798316500000027,3.3913200000000443,6.9987196666666085,2.6228475000000304,2.6228475000000304,32.47452249999962,SDLE16h10m.txt
4.058902500000076,33.30172483333294,2.7322205000000297,2.6228475000000304,3.789310666666734,2.6228475000000304,3.2208935000000274,3.219718166666702,6.9379128333333515,2.6228475000000304,2.6228475000000304,32.24135099999961,SDLE16h15m.txt
3.7250555000000616,33.611117666666274,2.979459500000027,2.6228475000000304,3.8225195000000682,2.6228475000000304,2.8576915000000267,3.2772935000000345,7.567173666666596,2.6228475000000304,2.6228475000000304,31.661724166666282,SDLE16h20m.txt
3.391208500000039,33.159540166666275,3.247966750000036,2.6228475000000304,3.6471311666667323,2.6228475000000304,3.1096175000000272,3.493720166666714,7.498630916666594,2.702788250000028,2.6228475000000304,31.874280083332955,SDLE16h25m.txt
3.391208500000039,33.68024383333294,3.226698500000035,2.6228475000000304,3.9721260000000904,2.6228475000000304,3.203864916666694,3.735401416666733,6.845214333333345,2.76146075000003,2.747616000000027,31.183895749999618,SDLE16h30m.txt
3.391208500000039,33.457972999999605,3.4560758333333794,2.6228475000000304,4.072895166666755,2.6228475000000304,2.86326733333336,3.2772935000000345,7.471439833333261,2.74019250000003,2.7644778333333626,31.25290549999961,SDLE16h35m.txt
3.391208500000039,33.78608633333294,4.1518593333334195,2.6228475000000304,3.7130285000000574,2.6228475000000304,2.9884105000000267,4.554857833333434,6.458192333333384,2.74019250000003,2.6228475000000304,30.341046666666266,SDLE16h40m.txt
3.391208500000039,33.48491116666628,3.8493353333334084,2.6228475000000304,3.437307500000049,2.6228475000000304,2.897871500000027,4.033219500000074,6.006694000000101,2.8035585000000296,2.6936205000000277,32.150002499999616,SDLE16h45m.txt
3.391208500000039,33.2449984999996,3.625105833333389,2.6228475000000304,3.151940000000038,2.6228475000000304,3.0194013333333602,3.722052000000063,6.831308999999945,2.744886000000027,2.6936205000000277,32.32320733333296,SDLE16h50m.txt
3.391208500000039,34.412700999999615,4.1082888333334155,2.6228475000000304,3.088525500000038,2.6228475000000304,2.8463550000000266,3.060704500000027,6.384078333333408,2.6228475000000304,2.6228475000000304,32.210172333332956,SDLE16h55m.txt
3.391208500000039,34.46754466666628,3.602304833333391,2.6228475000000304,2.977253500000038,2.6228475000000304,2.6228475000000304,3.2787055000000342,6.343103166666753,2.6228475000000304,2.6564888333333623,32.78542499999961,SDLE17h0m.txt
3.391208500000039,32.95164566666627,3.2556318333333696,2.6228475000000304,3.1773360000000377,2.6228475000000304,2.7794296666666947,3.510492666666716,6.727492333333316,2.6228475000000304,2.7237715000000295,33.60787233333295,SDLE17h5m.txt
3.391208500000039,32.779529833332944,3.617422166666727,2.6228475000000304,3.459527500000047,2.6228475000000304,2.991236000000027,3.697620000000067,6.8936079999999205,2.6228475000000304,2.7237715000000295,32.570957999999614,SDLE17h10m.txt
3.391208500000039,32.741191083332936,3.785953416666738,2.8904695000000267,3.556350000000055,2.6228475000000304,2.8568821666666935,3.0391715000000357,7.69406508333326,2.6228475000000304,2.7992035000000293,31.993235249999625,SDLE17h15m.txt
3.391208500000039,32.95097733333295,3.1666960000000377,2.8904695000000267,3.362844500000043,2.6228475000000304,2.758860500000027,3.8807265000000815,7.248905833333163,2.6228475000000304,2.7992035000000293,32.29783583333296,SDLE17h20m.txt
3.391208500000039,35.012221833332944,2.8055060000000296,2.6228475000000304,3.5078815000000554,2.6228475000000304,3.128875500000027,2.963331500000027,7.666926333333201,2.6228475000000304,2.673309500000028,30.975619833332924,SDLE17h25m.txt
3.391208500000039,35.49740549999961,2.7320271666666955,2.6228475000000304,3.9901586666667406,2.6228475000000304,2.6228475000000304,2.8814146666666938,8.651567166666595,2.682113000000028,2.6228475000000304,29.67614033333294,SDLE17h30m.txt
3.391208500000039,34.35105899999961,2.8550675000000365,2.6228475000000304,4.0047720000000755,2.6228475000000304,2.741417000000027,3.042404000000027,8.752907999999929,2.7694525000000296,2.683316000000028,30.156125499999597,SDLE17h35m.txt
3.391208500000039,33.67105383333294,2.9398306666666945,2.6228475000000304,4.254650000000095,2.6228475000000304,2.6228475000000304,2.7947685000000346,8.715894166666596,2.85453383333337,2.683316000000028,30.81962499999962,SDLE17h40m.txt
3.6726225000000614,33.43638433333294,2.6228475000000304,2.6228475000000304,3.9298375000000734,2.6228475000000304,3.2343895000000282,3.5313905000000463,7.81144866666655,2.8792018333333624,2.6660981666666967,30.963507499999587,SDLE17h45m.txt
3.95403650000007,32.48759016666628,2.6228475000000304,2.6228475000000304,3.5304195000000522,2.6228475000000304,2.7258540000000266,3.6822450000000604,8.161269166666523,3.0181355000000365,2.7525995000000294,31.81273316666629,SDLE17h50m.txt
3.95403650000007,32.626467833332946,2.7005885000000296,2.6228475000000304,3.329744500000039,2.6228475000000304,2.6648135000000295,3.545374500000056,8.606144333333262,2.9619875000000384,2.7525995000000294,31.60597233333295,SDLE17h55m.txt
3.95403650000007,34.14016766666627,2.830353000000032,2.6228475000000304,3.464555000000042,2.6228475000000304,3.1532450000000276,3.123579500000027,9.026883666666594,2.9339135000000383,2.7525995000000294,29.36839466666629,SDLE18h0m.txt
3.95403650000007,35.95319149999961,2.995510500000037,2.6228475000000304,3.178668833333368,2.6228475000000304,3.0072475000000267,3.1744755000000353,9.657833499999928,2.9339135000000383,2.687723500000028,27.205126166666275,SDLE18h5m.txt
3.5788178333333844,34.0286109999996,3.5089761666667183,2.6228475000000304,2.9491915000000377,2.6228475000000304,2.6648135000000295,4.051668333333428,9.767138666666595,2.7265361666666936,2.6228475000000304,28.84912733333296,SDLE18h10m.txt
3.391208500000039,33.56865699999961,3.409602000000046,2.6228475000000304,3.099719833333368,2.6228475000000304,2.846632833333363,3.5154623333333856,10.73097799999993,2.686213500000028,2.6228475000000304,28.87640749999963,SDLE18h15m.txt
3.391208500000039,33.38735583333295,3.6110463333333946,2.6228475000000304,3.1749845000000345,2.6228475000000304,2.9091705000000267,3.220659500000035,10.993101666666396,3.2914690000000295,2.6228475000000304,28.145885666666302,SDLE18h20m.txt
3.391208500000039,33.424825166666274,3.6722226666667357,2.6228475000000304,3.0208240000000353,2.6228475000000304,3.6023626666667177,3.7828365000000703,10.922678166666424,2.7333255000000296,2.6228475000000304,27.57459733333296,SDLE18h25m.txt
3.391208500000039,33.231413499999604,3.3713550000000465,2.6228475000000304,3.2992648333333707,2.6228475000000304,2.6228475000000304,4.404775500000106,12.220713666666413,2.6596735000000287,2.6228475000000304,26.923628499999726,SDLE18h30m.txt
3.391208500000039,33.31762566666626,3.159058000000036,2.6228475000000304,3.33647500000004,2.6228475000000304,3.038601500000027,4.113905000000089,13.6008661666668,2.6228475000000304,2.6228475000000304,25.544293166666904,SDLE18h35m.txt
3.391208500000039,34.31906249999961,3.6522205000000683,2.6228475000000304,3.517802500000052,2.6228475000000304,2.853018000000027,4.143753833333425,12.678334166666486,2.708808000000027,2.6228475000000304,24.86067350000042,SDLE18h40m.txt
3.391208500000039,36.86280549999961,4.2392275000001085,2.6228475000000304,3.681454833333391,2.6228475000000304,2.6228475000000304,4.008392500000077,11.90010783333308,2.680154500000028,2.6228475000000304,22.738683833333763,SDLE18h45m.txt
3.391208500000039,38.713000999999615,4.125038000000092,2.6228475000000304,3.051818500000027,2.6228475000000304,2.7977118333333637,4.315405000000106,10.808088499999846,2.6746748333333614,2.6228475000000304,22.247936333333758,SDLE18h50m.txt
3.391208500000039,38.57729266666628,3.8015610000000697,2.6228475000000304,2.6228475000000304,2.6228475000000304,2.6228475000000304,4.620781000000104,10.213180666666597,2.7783295000000323,2.6228475000000304,23.496834166667096,SDLE18h55m.txt
3.391208500000039,39.29153166666627,3.7184315000000634,2.6228475000000304,2.6228475000000304,2.6228475000000304,2.683316000000028,4.431154500000104,10.980844666666476,2.730109500000027,2.6228475000000304,22.275438666667096,SDLE19h0m.txt
3.391208500000039,42.68379433333293,4.035584000000077,2.6228475000000304,2.6228475000000304,2.6228475000000304,2.6228475000000304,4.104507000000101,8.870986833333264,2.6671290000000285,2.6228475000000304,21.12597783333376,SDLE19h5m.txt
3.1971870000000373,44.79427266666628,4.097047000000082,2.6228475000000304,2.816199500000027,2.6228475000000304,2.6228475000000304,2.921753500000027,8.660271666666597,2.6671290000000285,2.6228475000000304,20.348173666667094,SDLE19h10m.txt
3.003166500000037,43.97682783333294,4.264081166666756,2.6228475000000304,2.957157000000027,2.6228475000000304,2.6228475000000304,2.8581131666666972,10.653436166666408,2.6228475000000304,2.6228475000000304,19.166405666667096,SDLE19h15m.txt
3.003166500000037,43.03603099999961,4.2358708333334265,2.6228475000000304,2.7114105000000293,2.6228475000000304,2.6228475000000304,2.6228475000000304,11.43352766666641,2.6689455000000284,2.6228475000000304,19.79023750000043,SDLE19h20m.txt
3.003166500000037,42.415188166666276,3.583761666666728,2.6228475000000304,2.7114105000000293,2.6228475000000304,2.6228475000000304,2.7258540000000266,11.586465333333077,2.744417500000027,2.6228475000000304,20.73176933333376,SDLE19h25m.txt
3.003166500000037,43.33020983333294,3.4016411666667072,2.6228475000000304,2.9067158333333625,2.6228475000000304,2.6228475000000304,2.8536460000000297,10.285397666666594,2.8763475000000356,2.6228475000000304,20.844908500000432,SDLE19h30m.txt
3.003166500000037,46.61796516666627,3.628603166666729,2.6228475000000304,3.0043685000000293,2.6228475000000304,2.6228475000000304,2.7474865000000297,8.597700499999926,2.852734833333369,2.6228475000000304,19.050007833333762,SDLE19h35m.txt
3.003166500000037,45.68115449999961,4.3955115000001035,2.6228475000000304,3.0043685000000293,2.6228475000000304,2.6228475000000304,2.7375180000000268,7.734692166666596,2.998125833333369,2.6228475000000304,19.947497000000425,SDLE19h40m.txt
3.003166500000037,47.60059016666628,3.6860058333333936,2.6228475000000304,3.2973265000000347,2.6228475000000304,2.6228475000000304,2.6228475000000304,6.540604500000106,3.0331585000000354,2.6228475000000304,19.71833350000043,SDLE19h45m.txt
3.003166500000037,49.78837899999961,2.801260166666696,2.6228475000000304,3.3407265000000375,2.6228475000000304,2.6228475000000304,2.6228475000000304,5.167077166666772,2.8207425000000357,2.6228475000000304,19.957834666667097,SDLE19h50m.txt
3.2845805000000396,50.079877666666114,3.1212965000000374,2.6228475000000304,3.091168500000035,2.6228475000000304,2.6228475000000304,2.683107833333364,4.68559033333345,2.9308761666667023,2.6228475000000304,19.62553650000043,SDLE19h55m.txt
3.5659955000000494,50.08000499999945,3.2137691666667023,2.6228475000000304,2.798210500000035,2.6228475000000304,2.6228475000000304,3.068620500000027,5.09178533333344,3.052196000000037,2.6228475000000304,18.631454000000428,SDLE20h0m.txt
3.5659955000000494,51.165008666665614,3.2437730000000378,2.6228475000000304,2.754810500000029,2.6228475000000304,2.6228475000000304,2.6228475000000304,4.694286500000118,2.7329811666666934,2.6228475000000304,18.722333166667095,SDLE20h5m.txt
3.5659955000000494,51.16934799999895,3.306092500000035,2.6228475000000304,2.7114105000000293,2.6228475000000304,2.6228475000000304,2.6228475000000304,4.767410166666789,2.690831833333361,2.6228475000000304,18.66810100000043,SDLE20h10m.txt
3.5659955000000494,52.780634499998904,3.306092500000035,2.6228475000000304,2.7114105000000293,2.6228475000000304,2.6228475000000304,2.6228475000000304,5.348045166666767,2.690831833333361,2.6228475000000304,16.47617750000043,SDLE20h15m.txt
3.5659955000000494,54.02016433333223,3.0866680000000373,2.6228475000000304,2.7114105000000293,2.6228475000000304,2.6228475000000304,2.6228475000000304,4.757754833333455,2.6228475000000304,2.6228475000000304,16.11434683333373,SDLE20h20m.txt
3.5659955000000494,53.94328166666556,3.046570166666704,2.6228475000000304,2.7114105000000293,2.6228475000000304,2.6228475000000304,2.6228475000000304,3.411437166666704,2.6228475000000304,2.6228475000000304,17.57764600000043,SDLE20h25m.txt
3.5659955000000494,54.74466916666556,3.204389500000037,2.6228475000000304,2.7114105000000293,2.6228475000000304,2.6228475000000304,2.6228475000000304,2.7964820000000294,2.7959631666666938,2.6228475000000304,17.060279666667093,SDLE20h30m.txt
3.7306268333333947,54.15318449999891,3.1715955000000364,2.6228475000000304,2.857841500000029,2.6228475000000304,2.6228475000000304,2.6790141666666947,2.913410000000027,3.142194500000036,2.6228475000000304,16.854171000000427,SDLE20h35m.txt
4.059889500000075,53.119950166665575,3.2056023333333705,2.6228475000000304,2.9599910000000387,2.6228475000000304,2.6228475000000304,2.6228475000000304,2.8221181666666935,2.8900616666666936,2.6228475000000304,17.82157666666709,SDLE20h40m.txt
4.059889500000075,52.588156666665576,2.987814166666704,2.6228475000000304,2.7692785000000266,2.6228475000000304,2.6228475000000304,2.6228475000000304,2.90173983333336,2.7670455000000267,2.6228475000000304,18.80526433333376,SDLE20h45m.txt
4.059889500000075,54.55402133333222,2.8691505000000372,2.6228475000000304,2.909975500000027,2.6228475000000304,2.879924000000027,2.6228475000000304,3.2433416666666965,3.0323841666666937,2.6228475000000304,15.953349333333765,SDLE20h50m.txt
4.174937000000088,58.38110833333179,2.8691505000000372,2.6228475000000304,3.197103500000034,2.6228475000000304,2.6228475000000304,2.79423183333336,3.353752500000036,2.9370555000000382,2.6228475000000304,11.794696833333077,SDLE20h55m.txt
4.7600520000000985,58.392010999998455,2.7298406666666946,2.6228475000000304,3.242284000000037,2.6228475000000304,2.6228475000000304,2.6228475000000304,2.8664825000000267,2.969371166666705,2.6228475000000304,11.919146166666408,SDLE21h0m.txt
5.2301195000001774,55.29448649999891,2.6228475000000304,2.6228475000000304,3.287464500000034,2.6228475000000304,2.6228475000000304,3.3761255000000387,3.021375500000027,2.779951500000027,2.6228475000000304,13.88966550000022,SDLE21h5m.txt
5.4795605000001775,54.36510316666556,2.6228475000000304,2.6228475000000304,3.287464500000034,2.6228475000000304,2.6228475000000304,3.3761255000000387,3.6754641666667283,2.6228475000000304,2.6228475000000304,14.072621166666943,SDLE21h10m.txt
5.729002500000212,54.493421833332235,2.6228475000000304,2.6228475000000304,3.287464500000034,2.6228475000000304,2.8739401666666957,2.8739401666666957,2.95827883333336,2.6228475000000304,2.6228475000000304,14.663141500000403,SDLE21h15m.txt
6.449417000000161,55.8009837499986,2.6228475000000304,2.6228475000000304,3.219693750000035,2.6228475000000304,2.6228475000000304,3.1192145000000298,2.6454377500000295,2.6228475000000304,2.6228475000000304,13.021594249999954,SDLE21h20m.txt
7.355564833333261,54.51880433333206,2.6228475000000304,2.6228475000000304,3.197103500000034,2.6228475000000304,2.6228475000000304,2.682711500000028,2.6228475000000304,2.6228475000000304,2.6228475000000304,13.87931033333355,SDLE21h25m.txt
7.727031499999848,53.182688999998895,2.6228475000000304,2.6228475000000304,3.197103500000034,2.6228475000000304,2.6228475000000304,2.6228475000000304,2.6228475000000304,2.6228475000000304,2.6228475000000304,14.903822000000435,SDLE21h30m.txt
8.088829499999846,51.59505083333224,2.6228475000000304,2.6228475000000304,3.197103500000034,2.6228475000000304,2.6228475000000304,2.6228475000000304,2.6585798333333623,2.6228475000000304,2.6228475000000304,16.093929833333764,SDLE21h35m.txt
9.08242299999974,51.334304999998935,2.6228475000000304,2.6228475000000304,3.197103500000034,2.6228475000000304,2.6228475000000304,2.6228475000000304,2.6764460000000283,2.8286115000000267,2.6228475000000304,15.137452000000431,SDLE21h40m.txt
9.524058999999745,51.298007999998894,2.6585798333333637,2.6228475000000304,2.909975500000027,2.6228475000000304,2.6228475000000304,2.6228475000000304,2.6585798333333623,2.914551500000027,2.6228475000000304,14.915434833333732,SDLE21h45m.txt
9.383856499999746,51.18460899999893,2.6764460000000283,2.6228475000000304,2.6228475000000304,2.6228475000000304,2.6228475000000304,2.853018000000027,2.981027500000027,2.660045500000029,2.6228475000000304,15.140185000000416,SDLE21h50m.txt
9.536820999999746,50.24232316666597,2.6228475000000304,2.6228475000000304,2.6228475000000304,2.6228475000000304,2.6228475000000304,2.6228475000000304,3.283556666666696,2.6228475000000304,2.6228475000000304,15.9479441666671,SDLE21h55m.txt
10.259051499999746,49.72194399999961,2.6228475000000304,2.6228475000000304,2.6228475000000304,2.6228475000000304,2.6228475000000304,3.06222983333337,3.2122878333333706,2.6228475000000304,2.6228475000000304,15.377979333333766,SDLE22h0m.txt
10.690016999999747,47.87619599999961,2.6228475000000304,2.6228475000000304,2.7279455000000272,2.6228475000000304,2.6228475000000304,2.995598500000037,2.958135000000027,2.6228475000000304,2.6228475000000304,17.008449000000432,SDLE22h5m.txt
12.132036499999746,45.68877449999961,2.6680280000000285,2.6228475000000304,2.833043500000037,2.6228475000000304,2.6228475000000304,2.995598500000037,2.6228475000000304,2.709676000000027,2.6228475000000304,17.852031500000432,SDLE22h10m.txt
15.139001166666807,46.96712949999961,2.6680280000000285,2.6228475000000304,2.833043500000037,2.656152166666696,2.6228475000000304,2.809223000000027,2.6228475000000304,2.6228475000000304,2.6228475000000304,13.806611166666855,SDLE22h15m.txt
16.9425981666671,48.057746999999615,2.6680280000000285,2.6228475000000304,2.875580000000037,2.656152166666696,2.6228475000000304,2.6228475000000304,2.6228475000000304,2.6228475000000304,2.6228475000000304,11.056235666666412,SDLE22h20m.txt
17.67143300000043,47.25429483333294,2.6228475000000304,2.6228475000000304,2.7779858333333625,2.6228475000000304,2.6228475000000304,2.6228475000000304,2.6228475000000304,2.6228475000000304,2.6228475000000304,11.306933333333077,SDLE22h25m.txt
18.740437500000432,45.59951766666627,2.6228475000000304,2.6228475000000304,2.7079205000000295,2.6228475000000304,2.6228475000000304,2.6228475000000304,2.9269951666666936,2.6228475000000304,2.6228475000000304,11.658622666666412,SDLE22h30m.txt
19.756194500000433,44.93826083333294,2.6228475000000304,2.6228475000000304,2.6653840000000284,2.6228475000000304,2.6228475000000304,2.6228475000000304,2.86036383333336,2.6228475000000304,2.6228475000000304,11.413291333333078,SDLE22h35m.txt
21.824760166667094,44.46214166666628,2.6228475000000304,2.6228475000000304,2.6228475000000304,2.6228475000000304,2.6228475000000304,2.6228475000000304,2.6228475000000304,2.6228475000000304,2.6228475000000304,10.100896666666412,SDLE22h40m.txt
24.145158500000434,42.914646499999606,2.6228475000000304,2.6228475000000304,2.6228475000000304,2.6228475000000304,2.6228475000000304,2.6228475000000304,2.6228475000000304,2.6228475000000304,2.6228475000000304,9.327994499999745,SDLE22h45m.txt
25.373993500000335,41.97480899999961,2.6228475000000304,2.6228475000000304,2.6228475000000304,2.6228475000000304,2.6228475000000304,2.6228475000000304,2.6228475000000304,2.6228475000000304,2.6228475000000304,9.038996999999746,SDLE22h50m.txt
26.694806,41.20280216666627,2.6228475000000304,2.6228475000000304,2.6228475000000304,2.6608008333333624,2.6228475000000304,2.6748540000000283,2.6228475000000304,2.6228475000000304,2.6228475000000304,8.400229499999742,SDLE22h55m.txt
28.296642833332946,39.98511533333294,2.6228475000000304,2.6228475000000304,2.685579833333361,2.6608008333333624,2.6228475000000304,2.6228475000000304,2.6228475000000304,2.6228475000000304,2.6228475000000304,8.00535566666646,SDLE23h0m.txt
29.395628999999605,38.963329999999615,2.6228475000000304,2.6228475000000304,2.8110445000000355,2.6228475000000304,2.6228475000000304,2.7529205000000267,2.6228475000000304,2.6228475000000304,2.6228475000000304,7.710569499999849,SDLE23h5m.txt
29.792135499999606,36.49924099999961,2.6228475000000304,2.6228475000000304,2.8110445000000355,2.6228475000000304,2.6228475000000304,2.6228475000000304,2.6228475000000304,2.6228475000000304,2.6228475000000304,9.908226999999744,SDLE23h10m.txt
30.925229499999606,34.13111799999961,2.6228475000000304,2.6228475000000304,2.8110445000000355,2.6228475000000304,2.6228475000000304,2.6228475000000304,2.6228475000000304,2.6228475000000304,2.6228475000000304,11.143254999999746,SDLE23h15m.txt
32.97133033333294,30.526103333332905,2.6228475000000304,2.6228475000000304,2.8110445000000355,2.6228475000000304,2.6228475000000304,2.6228475000000304,2.6228475000000304,2.6228475000000304,2.6228475000000304,12.702168833333166,SDLE23h20m.txt
35.09202966666628,27.75907216666667,2.6228475000000304,2.6228475000000304,2.8396885000000354,2.6228475000000304,2.6228475000000304,2.6228475000000304,2.749620500000027,2.6228475000000304,2.6228475000000304,13.19308166666668,SDLE23h25m.txt
36.61183349999961,26.983271500000004,2.6228475000000304,2.6228475000000304,2.8969765000000374,2.6228475000000304,2.6228475000000304,2.6228475000000304,2.749620500000027,2.6228475000000304,2.6228475000000304,12.391791499999744,SDLE23h30m.txt
38.45382516666627,28.203146166666667,2.6228475000000304,2.6228475000000304,2.8969765000000374,2.6228475000000304,2.6228475000000304,2.6228475000000304,2.6228475000000304,2.6228475000000304,2.6228475000000304,9.45669816666641,SDLE23h35m.txt
40.64999316666628,28.022306000000004,2.6228475000000304,2.6228475000000304,2.802878000000029,2.6989421666666944,2.6228475000000304,2.6228475000000304,2.6228475000000304,2.6228475000000304,2.6228475000000304,7.4593741666665965,SDLE23h40m.txt
42.56546216666627,26.874305000000003,2.6228475000000304,2.6228475000000304,2.708779500000029,2.6989421666666944,2.6228475000000304,2.6228475000000304,2.6228475000000304,2.6228475000000304,2.6228475000000304,6.786003666666731,SDLE23h45m.txt
44.264595499999615,25.382957500000323,2.6228475000000304,2.6228475000000304,2.665813500000029,2.6228475000000304,2.6228475000000304,2.6228475000000304,2.6228475000000304,2.6228475000000304,2.6228475000000304,6.697279500000077,SDLE23h50m.txt
45.21583949999961,23.467823000000433,2.6228475000000304,2.6228475000000304,2.6228475000000304,2.6228475000000304,2.6228475000000304,2.6228475000000304,2.6228475000000304,2.6228475000000304,2.6228475000000304,7.704135999999849,SDLE23h55m.txt
