1
1
1
1
1
1
1,12,9
1
1
1
1,12,9,3,10,2
1
1
1
1
1
1
1,12,9,2
1,12,9
1
1
1
1
1
1
1,12
1,12,6
1
9,12,2
1
1
9,12,2
1,12
1
1
12,9,2,5
12,9,2
1
12,9,2
12,9,2
1,12,6
1
1,12
1,12,6
1
1
1
1
1,12,6
1,12
1,12,9,2
12,9,7
12,9,2
1
1,12
1,12
1,12
12,1
1,12,6
12,9,2
1
1
1
1,12,9
1
1
1
1,12
1,12,6
1
1
1
1
1
1
1,12,6
1
1
1,12
1
2,12,11
1
1
12
1,12,9,2
1
1
1,12,9,2
1
1,12,9,2
1
1,12,9
1,12,9
1,12,9,2
1,12,9,2
1
1,12,9
1
1,12,9,2
12,9,2
1
1
1
1
1
1,12
1
1,12,9,2
1
1,12
1
1
2,12
1
1
1,12,9
1
1,12,6,9,2
1
1,12,9,2
1
12,9
1,12,6
1
1
1
12,9,2
1
1
1,12,9,2
1
1
1,12,6
1
1
1
1,12,6
1,12
1,12
2,12
6,12,1,9,2
2,12
1,12,9
1,12,9,2
1
1,12,9,2
1
1,12,9,2
2,12
1
1,12,9,2
1
12,9,2
1
1,12,6
1
1
1
1
1
1,12,9
1
12,2
1,12,9,2
1
1
1
2,12
2,12
1,12,6,9,2
1,12,2
1,12,9,2
12,2
2,12
2,12
2,12
2,12,5,9
12,9,7,8
2,12
9,12,2
12,2
1,12,9
12,2,5
2,12,5
1
1,12,9,2
2,12
2,12
1,12,9,2
1,12,9,2
1,12,9,2
1,12,2,9
1,12,9,2
2
12,2
1
2,12
1,12,9,2
1,12,9,2
1
1,12,9
1,12,9
2,12
12
2,12,7,8
2,12,9
2
1,12,9
1,12
12,2,9
2,12,9
9,12,2,3
12,5
2,12,5
12,2
12,2
2,12
2,12,9
12,2
2,12
2,12,9
