1
1,12,9,5
1
1,12,9
1
1
12,4,2,9
1
1
1
12
1,12,9
1
1,12,9,3,10
1
1,12,9
1
12
12,9
1
1
1
1
1
1
12,1,9
1
1
12,9,3
1
1,12,6,9
12
12
1
1
5,12
2,12
1
12,9
12,7
1
1
12,9,2
1
1,12,6
1,12,6,9
1
1
1
12,9,2
2,12
12
2,12
1
12
12,9,2
12,9
1,12,9,2
1
12,2
1
1
1
9,12,2
1,12,6
1
1
12,9
1
1
1,12,9,2
1
1
1
1
1
1
1,12,9,2
12,9,2
1,12,9
11,12
1,12
1,12
12
12,2
1,12,9,2
1
2,12
1,12,9
12
1,12,9,3
9,12,2
9,12,2
12,2
2,12,9
1,12,9,2
9,12,2
1,12,9,2
12,9
12,3,9
1
1,12
1,12,9
1
1,12,9,2
12,9,2
1,12,9,2
12,9,3,2,7
1,12
12,9,2
1,12,9,2
1,12,9,2
12
1
1,12,9
9,12,2
1,12
2,12
1,12
2,12
1,12,9
12,7
1,12,9,2
1,12,9,2
1,12,9
1,12,9,2
12
1,12,9,2
1
2,12
1,12,6,9,2
1,12,9,2
1,12,9,2
1
1,12
1
1
12,9,2
12,2
12,2
2,12
12,2
9,12,2
2,12,9
1,12,9,2
2,12
1,12,9,2
2,12
2,12,9
1
2,12,9
1
2,12
1,12
1,12,9
1,12,9,5,2
1,12,9,2
1,12,9,2
1,12,9,7,8,2
1,12,9,2
9,12,2
1
12,9,2
2,12
1,12,9,2
1
1,12,6,9,2
12,5,4,9,3
12,2,7
2,12,9,5,7
12,9,2
2,12
2,12
12,9,5,3
12,9,2,7
12,5,2
12,9
12,7,8
12,2
2,12,9,5
12,7
12,9,2
5,12,7
5,12,10,9,3,2
1,12,9,2
2,12
12,9,3
12
2,12,5,9
12,9,3,7
2,12
12,2
2,12
2
12,9,3
1,12,2
2,12,9,3
12,9,5,2
2,12
1,12,9,2
12,9,3
12,9,3
12,7
12,7
12,9,3
12
2
12,2
12
9,12,3
9,12,2
12
12
5,12,7
2,12
12
12,9,3,7,8
12,9
12,9
12,9,3
12,9
