12,2,11,9,3
12,5,2,11
12,9,3,10
12
2,12,9
9,12,2
12,9,3,7
12,9,2,5
9,12,2
9,12,2
12
12,2
12,9,2,3
12,11,7,8
1,12
2,12
12,9,5,3,2
12
12,9,3,10,2
2,12
12,2
2,12,9
1,12,9,2
9,12,2
9,12
12
9,12
9,12,2
12
2,12
2,12
12
2,12,9
2,12
9,12,2
12
12,8,7
2,12
12
12,8,7,2,9
2,12,9
2,12,9
12
9,12,2
2,12
2,12
2,12
1
12,9,2
12
12
12,8,2
2,12
12,9,2
2,12,9
12,9
12,2
12
1
12
9,12,2
2,12,9
2,12,9,3
12
2,12
1,12,9,2
2,12
12
2,12,9
2,12
12
12,2,9
12,9,7
12,2,7,8
2,12,9
2,12,9
12,9,2
12
12,7
12,9,3
12
2,12
9,12
2,12
12
12,9,7
2,12
12
2,12,9
12
12,2,9
12
2,12,9,7
12,7
12
12,9,3
2,12,9
2,12,9,3
9,12,2
12,7,8,9
9,12,2
2,12
12,9,3
2,12
12,2,9,3,10
12
12,9,3,10
12
12,2,9,3
2,12
12,9,3,2
2,12,9,3
12
9,12,2
2,12
2,12,9
2,12
12,9,2
12,9,3,2
12
12,9
12
12,8,9
3,12,10
12,2,9
12,2,9,3
12
2,12,5,9,3
12
12
12,2
12,9,3
12,2,9
2,12
12,2
12,2,9
2,12
2,12
12,8,9,3,2
2,12
12,7
12,2,7
12,9,3
2,12
12,9,3,7
12,2
2,12,9
12
5,12
1,12,9,2
12
2,12
12
12,2
2,12
12,9,3
12
2,12,9
12,5,9
9,12
12,7
12,9,2,5
2,12
5,12,9,2
12,7
12,2,9
12,9,3,10
12,7
12
12,5,9
12,9,2
12,9
12,5
12,2,7
12
12
12,8,7
12
12,9,2
12,9,2,7
12
12,9,3,2
12
12,9
9,12,2
2,12,4
2,12
12
9,12,3,2
12
12,7,8
12,2,7
2,12,5,7
12,2,9,3
12
2,12
12
8,12,5
12,9,3,7,8
12,9,3,7,8
8,12,2,9
8,12,2,9
12
12
12
12
12,2,9,3
2,12
12
12
12,2
12
12
12,8,9,2
12,7
9,12,3,2
12
2,12
12
12
12,2,9
