3,12,10
11
12,5,11
12,2
2,12,3
12,11,2
12
9,12,3,5
12,9,3
12
12
12,2,5,11,7
3,12,10
12
12,9,2
12,3
2,12
12
2,12
2,12
2,12,7
9,12
2,12
12,2
12,2,9,3
12,7,8
12,9,3
12,3,10
12
12,9,3
12,2
12
2,12,9,3
12,2,9,3
2,12,5,11
12
12
12,7
12
9,12,2
9,12,7,8,3
9,12,3
12,8
2,12,9,3
12,9,3
12,7
12,7
1,12,9
2,12,7
12
12
2,12,9
2,12,9
2,12
2,12,9,3
12,2
12,2,9
12
1,12,9
12
12,9
9,12
3,12
12,8,9,3,7
2,12,9,3
2,12,9
2,12,9,3
12,8
12,9,3
2,12,9,3
12,8,9,3
2,12,9,3
12
12,2,9
12,9
9,12,3
12,9,3
12,8,9,3,10
12,8,9,7
12,7
12
2,12,10,9,3
12,9
12,9,3,2
12
12,8
12,2
12
12,9
12,8
12,5,7
12
12
12
12,8
12,5
9,12,2,5
2,12
9,12,2
12,9,2
12,7
2,12
3,12
12,9,3,10,2
12,2
12,8,9,3
12,2
12
2,12
2,12,9
2,12
2,12
12
2,12
12,9
2,12
2,12,9,3
2,12,7
12,2
12
12,7
12
9,12,2
10,12,2
12,9,3
12,2
8,12,9,3,2
3,12,2,9
12,9
12
2,12,10
12,9
12,9,2
2,12
2,12
9,12,2
2,12,7
12,2
2
12,7
12
12,8,2
3,12,2
12,2
12,8,5,9
2,12,7
2,12
8,12,2
12,10,7
2,12
12
2,12,9
12,8,7
12,2
12,9
12,9
12,9
2,12
9,12,3
9,12,3
12
5,12,2
12
2,12,7
12
12,3
10,12,7,8
12
12
9,12,2
2,12,9
12,7
12,2,9
12
12
12
12
12
12,2
12,8
12
12,2,7
12
12,9,7
12,5,9,2
4,12,7
12,2
12
2,12
12
12,2,7
12
12
12
12
2,12
12
12,2,7
12,2
12,7
12,7,8
12,7,8
12
12,8,1
12
12,8
12,5,7
12,9,7
12
12
12
12
12,7
9,12,2
12
12
12
12,5,2
12
8,12,7
9,12,2
