12,11,7,8
11,12,7
11,12,2,9
2,12
12,3,7,8
11,12,7,8
12
5,12,7
12,5,7,8
12
12
12,8,7
12,11,7,8,2
12
12,11,7,8
12,7
12,10,2
8,12,5
2,12
12,7
12
12,9,2
12,7
12
3,12
12
12,7,8
12,7
12,8,7
3,12,7,8
2,12,7,8
8,12,7,5
12,7
12,7
11,12,7,8
12
12
12
12,8,2,9
2,12
12,2,7,8
12,7
12,9,3,10,7
12,7
12,7
12,8,9
12
2,12
12
12,8,9
12,8
9,12,2
2,12,5
2,12,9
12,5,2,9
12,2
9,12,2
12
9,12,2,3
12
12,3,10
12,7
12,7
12
12,7
2,12
2,12,10
12,7
12,7
12,7
3,12,7
12,10,2,7
12,8,5,7
12,9,2
12,3
12,9,7
12,2,7
10,12,5,7
12
12
12
12,7
9,12,2
12,9,7
12,8,9,7
12,9,7
2,12,9
12,8
12,9,3,7
12,5,7
12
12
12
12
12,2
12,7
5,12,9
12,10,7
2,12,7,8,9,3
12,7
12
2,12,5
12,7
2,12
12,11,7
12,2,7
12,11,7
12
2,12
2,12,9
12,2
2,12
12,8,9,2
2,12,9
9,12,3
2,12
12,7
12
12,2
12,8,2
12
12
2,12,9
12,7
12,2
2,12,7
2,12,7
12,5,7
12
12,8,9,3,2
2,12
9,12,5,2,7
2
12,2
12,9
12,2
12
2,12,5
2
12
12,8
2,12
2,12
2,12,5,9
9,12,2
12,8
12,2
2,12,9
12,8,9
12,9,2
12
2,12
12
2,12
12,2
12,7
12,2
2,12,7
12,7
12,7
12
12,2,9
12
12
12
12,9
12,8,7
12
12,8,2
12
2,12,7
12
9,12,7
12
12,7
12
12,8,9,2
12,8
2,12
12,7
12,8,9,2
12
8,12,2
12,8,7
2,12
12
2,12,7
12,8,7
2,12,7
12,8,9,2
12
12
12
12,7
12,8,9,7
12,2
12,8,7
12
2,12
12
12,2
12,2
12
1
12
12,7
12,8,9,2
12
12
12,8,7
12,7
12,8,9
8,12,2,7
12,2,9
12
12,5
12,8,7
2,12,7
12,8
12
2,12
