12
7,12,8,5,2
12,7
12,2
12,8,9
12,8,3,9
12
12,8,9,3,2
12,8,7,9,3
2,12
12
12
5,12,2
12
12
12
12,5,2,9,3
5,12,2,7,8
12,2
2
11,12,2,9,3,7,8
12,7,8,9
12
12
12
12
12,8,9
12,8,2
12
12
12
5,12
12,8,7
12
12
12,8,2,5
12,8,2
12,8,2
12,2
12,3,9,5
12
12
12
12
12
12,2,7
12,9,3,2,7
12,2
12,8
12
9,12,2
12
2,12
12,7
3,12,2
12,2
2,12
12,8
2,12
2,12,7
2,12
12,8,9,2
12
12,8,9,2
12
12,9,3,2
12,2
12,8
12
12
12,8,9
12,8
12,8,9,2
2,12,9
12
12
12
12,8,9,2
12
12,8,2
9,12,2
12,8,9,2
2,12
12
12
12,8,2
12,2,7
2,12
12
12,8,9,2
12
12
2,12
12,8
2,12
12
8,12,9,2
12
2,12,9
12
12,8
2,12,9
12,8,9
12,9,2
12,8,3
12
12
12
2,12,9
2,12
5,12
2,12
2,12
2,12
12,2,9
12,2,5
12
2,12,9
12,8,9,2
12,5
9,12,2,5
12,8,7
2,12
12
12
12,8,9
12,8,2
12
12,9,7
5
2,12
12
2,12
12,8,9,3,2
2,12,9
2,12
12,8,2
2,12
2,12,9
8,12,9,2
2,12
2,12
2,12,9
12,2
2,12,7,8
12,7
12,2
2,12,7
2
12
2
2,12,9
12
2,12,9
2,12
12
12,2,9
12
12,8
12,8,9
2,12
12,2
12,9,7
12
9,12
2,12,9
12,2
12
2,12
12,5,7
12,8,9,2
12
12,8,9,2
12,8
12
2,12
12,7
2,12
2,12
12
9,12,2
12
2
12,8,2,7
2,12,9
12
12
12,8,9,2
12,8,2
12
9,12,2
12,8,9,2
8,12,2
12,8,2
8,12,2
12
12
12
2,12
12,9,2
2,12,7
2,12,7
12
1,12
2,12
12,2,9,7
2,12
2,12,7,8
12
2,12
12,8,9,2
2,12,1
12
12,8,9
2,12
2,12
12,9,2
12,8
2,12
12
2,12,9,3
