2,12,9,3,5
12,8
12
2,12,3,9
12,2
12,8,2
12
12,8
12,8,5,11
2,12
12
8,12,7,9,3,10,2
11,12,5,2
12
12,8,5
12,8,2
12
8,12,7,2
2,12
12,2,11
12,8,2
2,12,9
2,12,9,3
12,2
11,12
12,2,9
12,8,2
11,12,4
12,8,7,2
12,8
12,8,7
12,5
12,5
12,8,9,3
2,12
12
2,12
12,2
2,12,9
12,7,8
12,8,9,3
12
2,12
8,12,9,2
11,12,2
12,8
2,12
2,12
12,8,2,9
12,8,9,2
2,12,9,5
12,8,9
12
8,12,7
12,2,9
12,2
12
12,2
3,12
12
12,8,9
12,8
2,12,7
2
12,8
2,12,9
2,12,9
12
12,8,2
2,12,10,5
12,2
2
2,12
9,12
12,8,9,2
12,8,9,2
2,12
2,12
5
2,12
2
5,12,7,8,2
12,2
12,8,2
2
12,8,7,9
12,8,9,2
2,12,9
2,12
12,8,9
2,12,3
12,8,9
12,8
2,12
2
12,9,2
12,9,2
12,8,5
12,2
2,12
12,2
12
12
12,8
12,7
2,12,7
2,12,7
12
2
2,12,9
12,8,9,2
2,12
12,8,2,7
5
2,12,7
12
2,12
12,8,9,5
12,9,2
2,12,7
12,8,5,2
12,8,9
2,12
9,12,2
12,8,9,2
12,2,7
2,12,9
12,8,9,2
2,12
2
12
2,12,9
12,2
12
2,12
2,12,9
2,12
12
2,12,9
12,9,2
2,12
2,12
12,9,3
2,12
12,7,8,2
2,12
2
2,12,9
12
2,12,1
2
12,8,1
2
12,2
12
2,12,9
12,9,2
2,12,7,8
12,8
2,12
12,3,2
12,8
12,8
12,2
9,12,2
12,8,2
9,12,2
12,9,5
12
2,12
12
2
2
12,2
12
12
12
12
12,8,9,2
8,12,9,2
12,8,9
2,12
2
12,8,2
2,12,5
2
12,8
12
8,12,2,9
2,12,7
2,12,9
12,2
2
12,8,2
12,2
2
12
2,12,9
9,12,2
2
2
12,8
2,12
2
12
1
12,2
12
2,12
12,2
12,2
2,12
9,12,2
12,2
2,12,7
8,12,2
2,12
9,12,2
12,8,5
2,12
