12
12
12,2
2,12,5
2,12
3,12,10,5
12,2
2,12,9
12,2
12,9,3,10,2
2,12,9
8,12,9,3,2
2
9,12,3,10,2
12,2,9,3
2,12
12,2
2,12
2,12
2,12
2,12
12
12,2
2,12
2,12
2,12,9,3
2,12
2,12
2,12
2,12
12,2,9,3,10
12,2
2,12
2,12
2,12
12
12,7
2,12
2,12
12,8,9
2,12
2,12
2,12
9,12,2
2,12,9,3
12,2
2,12
2,12
2,12
9,12,2
12
2,12
2,12
12
2,12,9
2
2,12,9,3
9,12,2
2,12
12
2,12
10,12
12,8,2
2,12,9
12,9,2
2
12
12,8,9
2,12,10
12
9,12,2
2,12
9,12,2
12,9,2
2,12
12,2
12,8,9
2
2,12
12,2
2
2
2,12,9,3
9,12,2
9,12,2
3,12,10
12
2,12,9
9,12,2
12,8,2
2,12,10
2,12,10
12,8,9,2
2,12
2,12,9
2,12,9
2,12
2,12
2,12,9
2,12,9
2,12
2,12,9
2,12
12
2
2,12
3,12,9
12,2
9,12,2
2,12,9
9,12,2
2
9,12,2
2,12
12,2
2
2,12
2,12
2,12,9
9,12,2
2,12
2,12
2,12
2,12
2,12
2,12,9
12,9
12,9,2
9,12,2
2,12,9
12,2
12,9,3
2,12
2
2,12
12,2
2,12,10
9,12,2
12,9,2
2,12,9
12
2
2,12,9
2,12,9
2
2,12,9
2,12
2,12
12
12,2,9
1
2,12
1,12,9,2
2,12,9
2,9,12
2,12
2,12
2,12
9,12,2
3,9,12
2,12
2,12,9
12,2
2
2,12,9
2,12
12,9,3,2
2,12
2,12
12
2,12,9
2,12,9
2,12
2,12,9
12,2
2,12
2,12
2,12
2,12
12,2,9
9,12,2
9,12,2
8,12,9,2
12,9,2
2,12
12,8,9,2
2
12,2
12,8,2
2,12,1
9,12,2
2,12,9
2,12,5
12,2,5
8,12,2
8,12,9,2
2,12,9
9,12,2
2,12
9,12,3
2,12,9
2,12,9
12,2
9,12,2
12
2
2,12,9
9,12,2
12
2
2,12
12,2
9,12,2
2,12
2,12
2,12
12,9,2
2,12,9,3
12
9,12,3
2
