12
12
2,12
5,12,3,2
12,2
5,12,2
2,12
9,12,2
2,12
2,12
2,12
2,12
2,12
2,12
3,12,2,9
2,12
2,12
2
2,12
2,12
2,12
12
2,12
2,12
2,12
2,12
2,12
2,12
2,12,9,3
2,12
2
12,2
12,2
2,12
2
12
12
12,2
12,2
12,9,3,2
2
2,12
12,2,9
2,12
12,2
2,12
2
2,12
2,12
2,12
12
12,2
2
12
12,2
2,12
2
2,12,9,3
2,12
12,9,3
2,12
12,2
2
12,2
2,12
2,12
12,2
9,12,2
2,12
12,8,2
12,2
2,12
9,12,2
9,12,2
2,12
2,12
9,12,2
2,12,9,10
12,2
2,12
2,12,9,10
2,12
2
2,12
2,12
10,12,2
12
2,12,9
2,12,10
2,12
2,12,10
2
2,12
2,12
9,12,2
2,12
2,12
2,12
2,12
2,12
2,12,1
2,12
2,12
8,12,2
2
2
3,12,10
2
12
2,12
2,12
2,12
2,12
2,12
2,12
2,12
2
2
2
2,12
12,2
2
2
2
2,12,5
2,12,9
12,2
2,12,9
2,12
2
12,2
3,12,10
2,12
2
12,2,9
2,12
10,12,2
9,12
2
2
12,9,2
12,2
2,12,9
2
2,12,9
2,12
2
2,12
12
9,12,2
1
2
12,2,9
2,12
12,2
12
2,12
2,12
12,2
12,2
12,2
12,2
12,2
2,12,9
2,12
2,12
2,12
2,12
2,12
12
2,12,9
2,12
2,12
12,9,2
2,12
2,12
2,12,1
2,12
2,12
2,12
2,12,7,8
2,12,10
2,12,9
12,2
2,12
2,12
2,12
2,12
2,12
1
2,12
2,12,5
2,12
12,9,2
2
2,12,9
2
2,12
2,12
9,2,12
2
2
2,12,9
12,2
8,12,9,2
2,12
2
2,12
12
2
2,12
2,12
12,2
2
2,12
2,12,9
2,12
2,12
12
12,2
2,12
