12
12
12,2
2,12
2
12,2
2
12,5,9,2
2,12
2,12
2,12
2,12
2,12
2,12
3,12,10,2
2
2,12
2,12,1
12,2
2,12
2,12
12
2,12
2,12
2,12,9,3
2,12,10
2,12
2,12
2,12,10
12,2
12,2
2,12
2,12
2,12
2,12
12,8,2
12
2,12
2
2
2,12
2,12
2,12
2,12
12,2
2,12
2,12
2,12
12,2
2
12
2
2,12
12
2,12
12,2
2,12
3,12,2
12,2
12,2
2,12
2,12
2,12
2,12
2
2,12
2
2,12
2,12
2
2
2,12
12,2
2,12
2,12
2
2
2
2,12
2,12
2,12
2,12
2,12
2,12
2
2,12
12
2,12
2
2,12,1
2,12
2,12
2,12
2
2,12
2
2,12
2,12
2,12
2
1
2
2,12
2,12
2,12
2,12
12,2
2,12
12,2
2,12
12,2
2,12
2,12
2
2,12
2,12
2,12
2,12
2,12
2
2,12
2,12
2
2,12,9
2,12
2,12
2,12
2,12
2,12
2,12
2,12
10,12,2
2,12
2,12
2,12
2
2,12
12
2,12,9
2
2
2
2
2,12
2,12
2
2
2
12
2,12
1,12,9
2,12
2,12
2,12
2,12
12,2
2
2
2
2
2,12
2,12
2,12
2,12
2
2,12
2,12
12,1
2,12
12,8
2,12
12,2
2,12
2,12,9
2
12,1
1
2,12,1
2,12
2,12,10
2,12
2,12
2
2
2,12
2,12
2
2,12
2,12,1
1
12,2
5,12,2
2,12
2,12
2
2
2
2
2,12
2,12
2,12,1
2,12,1
2,12
2,12
2,12
2,12
2,12
2,12
12
2,12
2,12,1
2,12
2,12
2,12,9
2,12,1
9,12,2
2,12
2,12,1
12,8,7,2
2
2,12
