1
12,1
1
12,1,6
1
1,12,6
1,12
1
1
1
1
1
1,12,6
1,12,6
2,12,1
12,1
2,12,1,6
1,12,6
1
2,12,1
12,2,1,6
12,1,6
2,12,1
1
1
2,12,1
2,12,1,6
1
1
2,12,1,6
2,12,1
1
1
1,12,6
1
1
1
12,2
1
1
2,12,1
2,12,1,6
2,12,1
1
2,12,1
2
1,12,6
2,12,1
2,12,1,6
2,12,1,6
1
1
1
1
2,12,1
1
12,2
2,12,1
2
2,12,1
12,2,1
2,12,1
2,12,1
1
2,12,1
2,12,1
1
2,12,1
2,12,1
12,1
1
1
2,12,1
12,1
2,12,1
2,12,1
12,1
12
12,1
2,12
1
1
2
2
2,12
1
2,12,1
12,1
1
2,12,3,1
1
12,1
2,12,1
1
2
1
2,12,1
12,1
1
2,12,1
2,12,1
1
2,12,1
12,1
2,12,1
2,12,1
1
2,12,1
2,12
2,12,1
2
2
1
2,12,1
2
1
2,12,1
1
1
1
1
1
2,12,1
2,12,1
1
1
1
1
2,12,1
1
1
2,12,1
2,12,1
12,1
2,12,1
1
2,12,1
1
2
2,12,1
2,12,1
2
1
1
12,1
2
2,12,1
2,12,1
12,1
2
2
2,12
1
2,12,1
1
1
1
1
1
1
2,12,1
12,1
1
1
2,12,1
2,12,1
2,12,1
1
1
2,12,1
1
1
2,12,1
1
12,1
1
1
1
1
1
1
1
1
1
2,12,1
1
1
1
2,12,1
1
1
2,12,1
1
1
1
2,12,1
1
1
1
1
1
1
1
1
1
1
1
1
1
1
1
1
1
2,12,1
1
1
1
1
1
1
1
