12
2
12
2
5
2
12,9
12,2
2
2
2
2
12,2
2,12
2
12,2
2
2
2
2
12,2
2
2,12
2
3
2
2
2
2
2
2
12
2
2
2
2
2
9
12
2
12
2,12
2
2
12
2
2
12
2
12,2
2
3
2
3,12
2
2
2
2
2
2,12
2
2
2
2
2
12
2
2
2
2
2,12
2
2
2,12
2
2
2
2
2
12
2
2
2
2,12
2
2
2
2,12
12,2
2
12,2
12
2
2
2
2,12
2
2
2
3
2
12
2,12
2
12
2
2
2
2
2
2
2
2,12
2,12
2
2
2
2,12
2
12,2
2
2
2
2
12
2
2
2
12,2
2
12
2
2
2,12
2
2
2
2
2
2,12
2
12
2
2
12
2
2,12
12
12
2
2
2
2
2
2
2
2
12
2
2
2
2
2
2
12,2
2,12
12,2
2
12
2,12,10
2
2
2
12,2
2
12,2
1
2
2
12,2
2
2
2
2
2
2
2
2
2
12
2
12
2
2
12
2
2
2
2,12
2
2
2
12,2
2
2
2,12
