12
12
2
12
12
12
12
12
12,7
8,12,7
12
2
12,5
12
12
12
9
12
12
12
12
12
12
12
12
12
5
12
12
12
12
12
9
12
12
12
12
12
12
8,12,9
12
2
12
12
12
2
12,5
12
12
12
9,12
12
2,12
12
12
12
12
12
12
2
12
12
12
12
12
5,12
2
3
12
12
12
12
12
12
12
2
12
12
12
12
8,12
12
12
12
12
12
12
2
12
9
12
12,9
12
12
2
12
12
12
12
12
2
12,9
12,2
12
9
12
12
2,12
12
12
2
12
2
12
2
12
12
12
12
12,2
2
12
2
12
12
12,2
12
12
12
2
2
12,9
12
2
2
9
2
12
2
12
2
2
12
2
2,12,7
12
12
12,9
12
12
12
12
8,12
12
12
12
12
12
2
2,12
2,12,9
2
12
2
12
12
12
2
12
12
2,12
12
12,2
2
2
1
9,12,2
12
12,9
12
2,12,9
12
12
12
2
