12
12
12
2
2
12,9,3
12,9
2
2
12,9
2,12,9
2
2
2
12
12,2
2
2,12
2
12
2
9,12
2
12
12,3
9,12
2
2,12
2
12,2
2
12
2
12
8,12
2
2
12
12,7,8
2
12,2
12
9
5
12
2
2
12
12
2
12
12
2
9,12
12
2
12,3
2,12
2
12
12
12
12
12
2
12
9
3
12
12
2,12
9,12
12
2
2
2
2
2
9,12,3
5
2
2,12
12
2,12
12
12
3,12,2
9
12
2
2
2
2
2
9,12
12
2
2
2
12
2
12
12,9
12
2,12
2
2,12
2
12
9
2
12
2
2
2
12
9
2,12
2,12
2
12,9,2
12
12
12
9
2
10,12,2
12
2,12
2,12,9
2
2
12
2
2
2,9
12
8,12,9
2
2
2
2
2
2,12
12
2
1
2
2
12,9
12
12,2
2
2,12
2
9,12,2
2
2
2
9
9
2
2
9
12
12,9
12
9
12,9
2
12
9,12
2
2,12
12
2,12
1,12,2
12,2
2
2
2
2,12,9
12
2
2
2
2
9,3,12
9,3,12
2
12,8
8,12
12
12
12
2
2
2
9,12
2,12
12
2,12,9
2
12,9
2,12
2,12
