12
12,9
2,12
12
12
12
12
12
12
12
12
12
2
5
12
12
12
9,12,2
12
12
12
12
12
12
12
12
12
5
12
12
12
12
12
9
12
12
12
12
12
12
9
12
2,12
12
12
12,8
2
5
12
12,9
12
12,9
12
12,9,3
12
12
12
12
12
12
2
12
12
12
12
12
12,7
2
3
12
12
12
12
12
12
12
2
12
12
12
12
12
12
12
12
12
12
12
2
9,12
12
9,12,2,3
12
12
2
12
12
12
12
12
12
9
2
12
9,12,2
12,9
12
12
12
12
2
12
2
12
2,12
12
12
12
12
2
2
12
2
12
12
2
12
12,5
12
2
2
9,12
2
12
2
2
9,12
2
12
2
12
12,2
2
12
2,12
12
12
12
12
12
12
12,9
12
12,2
12
12
12
12
12
2
8,12
12
12
9,12
2,12
12
2
2,12
12
12
12
12
2
2
2
2
12
12
12,9
9,12
12
12,5
12
12
12,2
