12
11,12,7
11,12,2
2
12
11
12
12
12
12
12
12
12
12
12
12
10,12
12
2,12
12
12
12
12
12
3,12
12
12
12
8,12
12,7
2,12
12
12
12
11
12
12
12
12,2
2
12
12
12,9
12
12
12
12
2
8,12
12
9,12
12
12
12
12
12
12
9,12
12
10,12
12
12
12
12
10
12
12
12
12
12,10
12
12,9
12
9,12
12,2
12
12
12
12
9
12
12
9,12
12,9
12
12,9
12,5
12
12
12
12
2,12
12
5,12
12,10
12
12
12
12
12
12,2
12
12,2
12
12
2
2
12
2,12
12
2,12
3
12
12
12
2
12
12
12
2,12
12
12
12
2,12
12
12
12
12,5
2
12
12
2
12
2
12
2,12
2,12
5
12,2
12
12
12
12
12
12
2
12
2
12
12,7
2
12
12
12
2
12
12
12
12
12
12
12
12
12
12
12
12
12
12
12
8,12,7
2
12
12
2,12
12,8
12
12
12
2
1
12
12
12
12
12
12
2
12
12
2
