12
12,2
2
12
2
12,5
2
2
2
2
2
2
3,12,10
2
2
2
12
2
2
12
2
2
2
2
2
2,12
2,12
12
12
2
2,12
2
12
2
2
2
2
2,12
2
12
2
2
12,2
2
12
2
2
12
2
12,2
2
3,12
12
12
2
2
2
2
2
2
2
2
2
2
2
12
2
2
2
2
2,12
2,12
2
2
2
2
2
12
2
2
2
2,12
2
2
2
2
2
2
2
2,12
2
1
2
2
2
2
2
12
2
12
2
12
2
2
2
2
2
2,12
2
2
2
2
2
2
2
2
2
2
2
2
2
10
2
2
2
2
2,12
12
2
2
2
2
2
2
2
2
2
1
2,12
2
2
2
12
2
2
2
2
2,12
2
2
2
2
2
2
12,1
12
2
12,2
2
2
2
12,1
1
2
2
2
2
2
2
2
2
2
2
12
5
2
2
2
2
2
2
2
2
2
2
2
2
2
2
2,12
12
2
2
2
2
2
9,12,2
2
2
12
2
