12
2
2
2
2
9,12
2
2
2
12
2
2,12
2
1
2
2
2
12
2
2
2
12,2
2
2
2
2
2
12
2
2
2
2,12
12
2
2,12
2
2
2
2
12
2
12,2
2
2
2
2
12
12,2
12
12
2
12,2
2
2
12,2
2
2
2
2
2
2
12
12
2
2,12
2
12
2
2
2
2
2
2
12,1
2
2
2
2
2
12
9,12
2
2
1
2
12,5
2,12
2
2
2
2
2
2
1
2
2,12
2
2
12,2
12,2
2
2,12
2
2
2,12
2
2
2
2
2
2
12
2
2,12
12
12
2
2
2
2
2
2
2
2
2
2
2
2,12
2
2
2
2
2
12,2
2
2,12
2
2
2
9,12
2
2
2
2
2,12
2,12
2
12
2
2,12
12,2
2
1
2
2
2
2
2
12,2
1
1
1
2
2
2
2,12
12
12
2
1,12
12
12
2
2,12
2,12
1
1
1
2
2,12
2
12,2
12
1
2
2
12,2
12
2,12
1
2
2,12
2,12
