2
3,12
5,12
12
12
2
2
5
12
12
9
2,12
12
2
11
2,12
12
12
2
2
9
12
12
2
2
2
12
2,12
9
12,9
2
2
2
2
12
12
2,12
12,8
2,12
9
12
2
2
12,9
12,7
2
12
12
2
12,2
2
12
2,12
2
2
9,12
12
2,12
2
12
12
12
12,7
2
12
9
12
12
2,12,9
12
12
2
2
12
2
9
5
12
12,9
12
2
12
2,12
2
2,12
12
12,9
2
2
2
12
2
12
2
9
12
12
8,12
12
9,12
12
12
2,12
12
2
12
5
12,9
12
2
9,12
2
12
12
2
2
2
12,9
12
12
2,12,9
12,2
2
9,12,3
12
12
2,12
2
2
12
12,9,2
2
12
12
2
12
2
9,2,12
2
1
12
12
2
2
12
2
12,7
2
12,2
2
12,2
2,12,9
2
8,12
12
2
2
2
12,5
12
12
2
2
12,2
2
12
2
12,2
12
2
2
12,2
3
9,12
2
2
2
2
2,12,9
2
2
2
12
2
12
12
2
2
12,9
8,12,3
9
12
2
2
