12
12
12
12,2
9,12,3
12
2
2
5,12
2
12
2
2
2
12
12
12,2
2
12,2
12
2
12,9
2
12
12
9
2
2
2
9,12
2
12
2
2,12
12,7
2
2
12
12
2
12
11,12
9
2,12,5
12
2
2
12
12
2
12
9,12
2
9
12
2
12
2
2
3,12
12
12
2
12
12
12,2
12
2,12,9
9,12,3
12
12
2
9,12
12
2
2
2
2
2
9
5
2
2
5,12
2
12
12
3
5,12,9
12
2
2
2
2
9,12,2
12,9
12
2
2
2
12
2,12,9
12
9,12
12
2
12,2
2
2
12
9
2
2
2
2
12
12,9
2
9,12,2
2
2,12
12
12
12
5,12,9
2
10
12
12,2
2
2
2
2
12
2
2
2
12
12
2
2
2
2
2
2
12
2
1
2
12,2
9,12
2,12
9,12
2
2
2
9
2
2
2
9
12,9
2
2
2
9
12
9,12
12
12,9
12
2
2,12
9
2
12
12,2
1
12
2
2
2
2
12
2
2
2
12,2
9
9
2
12,7
12
2
12
12
12
12
2,12
12,9
9,12
2
2
12
2
2
