12
12
12
2
12
12
5
2
12
3,12,10
12
12
12
2,12
12
12
12,2
2
12
2
12
2
11
2
2,12
4
12
12
12
12
5
9,12
2,12
12
2
2
12,7
9
12
2
2
2
12
12
12
2,12
12,9
12
12
12
12
12,2
2
12
2
12
12
12
12
12,2
12
12,9
2
12
2
5
2
12
12
9
9
2
12
5
2,12
2
2
2
2
12,9
12
2
12
12
3
12,9
12
2
2
2
12
12
2
2
12
12
12
12
12
12
2
12
12,9
12
2,12
5
2,12
12
12
12
2
12
5
12
2
2
2
12
2
9,12,2
2
2
9,12
2
2
12,9
12
9,12
2
2
2,12
9,12
2
12,2
2
9
12
2
12
12
9,12
2
12
12
2
12
2
2
12
2
12
12
12
12
2
12
12
9,12,2
2
9,12
2
2
2
12
2
12
2
9,12
2
2
12
2
2
2
2
2,12
2
12
1
2
12
2
2
2
2
12
2,12
2
12
2,12
2
