12,3
2,12,3
12
12
12
12
12
2
12
12
5
12
12
12
12,5
5
12
12,2
11,12,2
8,12,7
12
12
12
12
12
12
12
5
12
12
12
12
12
5
9,12
12
2
12
12
12
12
12
12,2
12
12
9
2,12
2
12
12
9
9
12
12,2
2
2
12
12
12
12
2
12
12
12
12
12
2
12,7
12
12
12
12
12
2
9
12
12
2
12
12
3
12
2
12
12
12,2
12
12
2
12
12
12
12
2,12
2
5
2
2
2
2
2
2
9,12
12
2
12
12
12
12
12
9
5
2,12
12
12
12
2,12,9
12
12,2
2
12
2
2,12
2
3
2
12
2
2,12
2,12
2
2
2
12
2
9,12
12
12
12
12
12
9,12
3
12,2
12
2
2,12
2
12
12
12
12
12
2,12
12
2
12
12
12
12,2
12
2
12
12
12
12
8,12,9
12
12
12
12
2,12
12
2
2
2,12
2
9
12
12,2
12
2
12
12,2
12
12
12
2,12
2
