12
12
12
12
2,12
5
2
12
2
2
2
2
2
2
3
2
2
2
2
2
2
12
2
2
2,12
2
2
2
2
12,2
10,12,2
2
2,12
2
2
12
12
12
2
12
2
2
2
2
12
2,12
2
2
2,12
2
12
12
2
12
2,12
2
12
2
2
12
2
12
2,12
2
2
2
12
12
2
2
2,12
2,12,9
2
12,2
12,2
12
2
2
2
2
2
3,12,2
12,2
2
10
12
2
2
2
10,12,2
10,12
12,2
2
2
2
2
2
2
2
2
2
2
12
2
2,12
9
2
9,12
2
2
2
2
2,12
2
2
2
2
9
2
2,12
2
2
2
2
2
9
12,9,2
2
2,12
2
9
2
2
2,12
2
2
2
2
12
12
2
12,9
2
2
2
2
2
2
12
2
9,12
2,12
2
2
2
9
2,12
2
2
2
2
12,2
3,12,9
12,2
2
12
12,2
2,12
12,2
2
12,2
12,2
2
2
2
2,12
9
12,2
2
2
2
2,12,9
2
2
12,2
2,12
12
2
2
5
2,12
12,2
2
2
9
2
2
2
2
12
2
12,2
12
12
2
2
2
12
2
9,12,2
3,12
3,12
2
