12
12
2,12
2,12,9
12
9,12,3
2
2
12
2
2
2
2
12
2
12,9,2
2
12,2
12
2
12,2
2,12
9
2
2
2
2
12
12
2,12
8,12
2
12
2
2,12
2
2
2
2,12
9
9
12
12,8
2
2
2
12
2
12,2
9
2,12
12,2
2
12,2
2
12
12,2
2
12
2
2,12
12
12
2,12
12
2,12
12,10
9
12
9
9,12,3
12
2,12
2
12,2
2
9,12,2
12
5
2
9,12,3
12
2
12
12
2
2
12
2,12
2
9
2
12,9,2
2
8,12,2
2
2
2
12
2,12
9,12
9,12,3
12
12
12,2
2
12,2
8,12
2
12,2
12
12,2
2
9,12
2,12
2
2
2
2,12
2
12
12
12
9
2
12,2
12
2
2
9
2
2
9,12,3
2
2
9,12
2
12,2
9
2
2
12,2
2
12
12,9
9
1
2
3,12
2
2
5
9
9
2
2
2
2
9,12,2
2
9
2
2,12
12,7
12
12,2
2
2
2
12
2,12
2
9
9,12
9
12,9
9,12,2
2
2
9,3
12
2
12,9
2,12
2,12
12,5
2
2
2,12,9
9,12,3
2
2
2
12,9
12
2
2
9
12
2
9,12,2
2
9
12
2,12
2,12
2,12
9,12
2
