3,12,10
12
3
5,12
12
12,8
12
2
5
9,12
12
12
2
12
2
2
2
12,2
12
2
9
12
9,12
2
2
2,12
9
2
3
10
12
12,11
2
2
12,9
2
12
9
2
9
12
2
2,12
12
12
12,9
12
12
2
2,12
2
2
12
2
2
9,12,2
12
2
2
9
9
12
2
12
12
12
2
9
2
2
2
2
2
2
9
12,5
12
9,12
5
9
12
2
2
2,12
12
9,12
2,12
12
12
12
2
12
2
12,2
9
12,7
2
12
9
12
12
2
2
12,9
12
9
2
12
2,12,9
9,12,2
2
12
5
2
9
2
12,2
12
12
2
2
2
2
2,12
2
8,12
2
12,2
2
12
2
2
2
12,2
12
2
2,12
2
2
12
12
2
1
12
2
12
2
9
12
12,2
8,12
2
2
9
9,12
12
2,12
2
12
2,12
12
12
12,9
2
12
2
12
12
2
12
2,12,9
12,2
2
2
2
12
2,12
2
12,9
2
2
2
2,12
2,12
2
5
12
12
9,12
2
2
2
2
2,12
9
2
2
2
12
