5
12
12
3,12
12
12
5,12,11
12
12
12,2
2
12,5
2,12
12
2,12
2
12,11
2,12
2,12,9
3
12
12
2
12,2
4,12
2
12,8
12,7,8
12
5
12
2
12
2,12
2
9
3,12
12
2
2,12
12
12
2
2
9
2
5
12,9
12
12
9
12,2
12
2
12
12
9
12
12,7
2
12
2
9
12
2
5
2
12
12
12,2
2
12
12
5
12
2
2,12
2
2
9
2
2
12
9,12
3,12
12
12
2
2
2
12
12,2
12
2
12
12
12
12
12
12
2
9,12,2
12
12
12
5
12
12
2
5
2
12
2
12,9
2
2,12
12
12
12,2
2
2
2
9
2
2
12,2
12
12,9
2
2
2
3,12
2
2
2
2
2
12
2
12,1
2
2
12
12,2
12,2
12
12
12
2
12
8,12
2
2
2
2
5
2
2
12
12
2
2
12
12
2
2
5
2
8,12
9
12
2
2,12
2
12,2
12
2
2,12,9
12
8,12
2
2
12
2
12
2,12
2
2
2
12
2,12
12
12
5
12,2
