12,9
5
2,12
9,12
1
12
1
9
1
12
12
1
12
12,9
12
12
1
12
9
1
1
12
12
1
1
12,7
12
12
12
12
12,9
1
12
12
12
12
12
1
12,9
12
1
9,12
2
9
1
1
12
12
12
2
1
12
2
12
12,7
1
12
1
9
9,12
12
9,12,2
1
12,9
12
1
9,12
12
9
1
1,12
2
1
1
2,12,3
12
2
12
9,12,2
2
12,9
12
12
12
12
2
12
12
12
12
12
12
12
2
12
12,9
12,2
1
9,12
2
2
2
12
2
12
2
2
2
12,2
12,7
1
12,2
2
2
2
2
2
12
2
2
2
12
2
12,2
9,12,2
2
2
12
1
12
2
2
2
2
3,12
12
12
2
12
2,12
2
12,7
2
1
12
12,9
12
12
2
12
12
12
12
12
12
1
12,2
9,12
12
9,12,2
2,12
12
12
12
2
12
3,12
12
12
12
12
12
12
12
12,9
12
12
12
12
2
12
2
12
12
12
2,12
2
12
9
12
12
12
12
12
12
12
12
2
12
12
12
9,12
12
12
2
2
9
