9,12,3
11
12
2
12
12
12,9
12
12
12
12
3
12
12
2,12
2
12
2
2
2
9
2
2,12
12
12
12
12
2,12
12
12
2,12
12
2
12
12
12
2,12,9
9
9
12
12,2
12
12
12
1
2,12
12
12
2
12,2
2
2
9,12
12
12
1
12
12
2,12,9
12,9,3
12
2
9,12,2
2
12
12
2
12
2
12
12
12
2,12,9
2,12
12
12
12
12
2
12
12
12
12
12
12
12
12
12
12
12
12
12
12,3
12,9
2
12,9
9,12
12
2
3
12
12
12
12
12
12,2
2
2
9,12,2
12
12,2
12
2
2
2
2,12
12
12
9
3,12,10
12
12
12
3
12
2
12
9,12
2
2
12,9
2
12
2
12
12,7
12
3
12
2
2
12
12
9,12,2
2
12
12
12
12
12
9,2
9,12
12,9
12,5
12
2
12
9,12
3,12,10
9
2
12
12,5
12
12
12
12,7
12
12
12
9,12
4
12
12
2
12
12
12
12
2
12
12,5
9,12
12
9,12
9,12
12
12
12
12
12
2,12
12
12
2,12,9
12
12
12
9
