12
2,12
3,12,2
2,12
5,12
2,12
2
2
2
2
2
2
2,12
12,3
2
2
2
2
2
2
12
2,12
12
2
2
2
2
3
2
2
2,12
2,12
2
2
12
12
2,12
2
2,12
2
2
2
12
2,12
2
2
2
2,12
2
12
2
12
2,12
2
2
3
2,12
12
2
2
2
2
12
2
2
2,12
2
2
2
12,2
2
2,12
2,12
2
2
2
2
12,10
2
2
2,12
2
2
12
2
2
2
2
2
2,12
2,12
2
2,12
2
12
2
2
2,12
12,2
2
2
2
2
3
2
12
2
2,12
12,2
12,2
2
2
12,2
2
2
2
2
12,2
2
2
2
5
2
2
2,12
12
2
2
12
2
2
2,12
12
2
12
2
2
2
2
2
2
2
2
2,12
12
12
2
2
2
2
12
2
12,2
2
2
2,12
2
2
2
12
2
2
2
12
2
2
2
2
2,12
12,2
1
12,2
2
2
12
10,12,2
2
2
2
12,2
12,2
1
2
2,12
2
2
2
9,12,2
2
2,12
2
2
12,2
2,12
12,2
2
2
12
2
2
2
2
2,12
2
2
2
12
