1
1
1
9
1
1
1
12
1
1
2,12
12,9
1
1
1
1
1
1
12
1
1
12
1
12
1,12
1
12
2
1
12
12
1
1
1
1
1
1
1
9,12
12
2,12
1
12
1
12
1
1
12
1
1
1
1
1
1
1
1
1
1
1
1
1
1
1
1
1
1
1
11
1
12
12,2
1
1
2
1
12
1
9
1,12,9
2
2
1
1
1
12
12
1
1
1
1
12
1
1
1
12
1
1
12,9
1
12,9,2
1
12,2
1
12
1
1
1
1
2
1
2
1
1
1
12,1
1
1
12
9,12
12
2
1
2
12,2
2
2
2
1
1,12,6
1
1
1
1
9
12
12,2
1
1
1
12
12
2
2
2
2
2
12
12
9,12
12,7
12
12
12
12
2,12
2,12
1
2
2
12
2
12,2
2
9
12,2
2
12
1
2
12
2,12
9,12
9,12
12
12
12
9,12
2
9,12
12
12,9
3
5,12
5
2
2
12
9
12
12
9,12
