12
12
12
2,12
3
2
12
12
12
3,12
12
12
2
12
12
3
12
2
12
12
12
12
12
12
2
2
12
12
12
9,12,2
12
12
12,5
2,12
12
2
3
12
12
12
2
2,12
12
9
12
12
12
12
12
9,12,11
2
12,7
2,12
12
2
12
2
2,12
12
12
2
2
9
2
12
12
12
2
12,8
2
2
2
9
12
12,9
2,12
12
2
12
2
12
12,7
2
3,12,2
2
12
2
12
9
2
2,12
12
12,2
12
12
2
2
9,12,3
2,12
2
2
12,2
5
8,12
9
12
5
12
12
2
12,2
12
12
5
9
2
2
9,12,2
2
2
12,9
12
2
2
2
2
12
2,12
2
12
2
2
12
2
12
12
2
9,12,2
2
2
12
12
12
12
9
2
12
12
12,2
2
8,12
12
12
12
12
9
2
12
12
2
2
2
2
2,12
12,2
2
12,8,9
9,12
9
12,1
2
1
12
2
2
1
12
9
2
2
12
12,9
12,7
