12
12
9
12
2
9,12,2
12,9
12
2
12
12
12
9
12
1
2
9,12
12
12
2
12,2
2
9,12
12
12
12
9,12
2,12
12
12
2
12
2
2
9,12
12
12
2,12
12
12
2
2
12
2
2
12
2,12
1
12,9
12
12
12
2
12,9
2,12,9
12
12
12
1
12
2
2,12
2
12
12,2
1
2
12
9,12
2,12
12
12
12
2
2
2
2
12
12
12
12
2
12
2
12
9
2
12
2,12
12
12
12
12
12,7
12
12
2
12,9
2
12,7
2
12
9
2
2
12
9
12
2,12
2,12
12
12,9
12
2,12
2
2
2
12,9
12,9
12
12
12
8,12
3
12,2
12,2
12
12
12
12
2
12,9
2
2
2
2
12
2
12
2
12
12
12
2
12,9
12
12
12
12
1
12
12,2
12
12
2,12
12
12
2
12
9,12
12
2
12
12
12
2
12
12
12
5
12,9
12
5,12
2
12
12
12
12
9,12
9
12
12,9
12
12
2
12
2,12
12
3
12
12
12
5,12
2
12
2
12
8
12
12,9,3
8
8
12
12
12
12
2,12
12
12
12
12,2
12
12
12
12
3
12
2
12
12
2
