11,12
12,11
10,12
12
12,9
12
12
2
2,12
12
12
2,12
2
12
1
2
9
12
10
12
2
2
2
12,2
12
12
12
2
12
2
12
12
2
12
2
12
12,7
12
12
12,7
12
2
12
2
12,2
12
12
1
2
12
12
2,12
12
2
2,12
12,9
2,12
12
1
12
12
2
2,12
12
2
9,12
2
12
2
12,2
12
9,12,2
12
12,7
12
2,12
2
12
12
3,12
12
2
12
12
12
12
2
12
9,12
12
12,9
12
12,7
12
12
12,9
12,9
2
2,12
12
2,12
2
3
2,12
9,12,3
12
12
12
9,12
12,2
3,12
12
12
12
2
12,9
2
12
9,12,3
12
12,9
12
12,9
3
12
9
12
9,12,3
12
12
2
12
9
2,12
2,12
12
12
2,12
3
12
12
12
12,9
12
12,7
12
2
12
12
1,12
12
2
12
2
12
3
12
9
12
12
12
2
12
12
12
9
9
12
12
5
2
12
12
12
12
12
12
12
12
12
12
2
12
9,12
2
12
12
12
2
12
12
12
12
9,12
12
2
12
12
12
12
2,12,9
2,12,9
12
12
12
12
3,12
12
12
12
2
12
12
12,9
12
2,12
12
12
12
12
12
