9,12
11
12
12
2
9,12
12
2,12,5
12
12,2
12
12
2,12,9,3
12
1,12
2
3,12
12
2
2,12
2
2,12
2
2
12
12
12
12
12
2
12
12
12,2
12
2
12
12
12
12
2
12,9
2,12,9
12
12
12
12
12
1
2
12
12
2
12
2
2
9
12
12
1
12
12
2
12
12
2
9,12
2
12
2,12
2
12
2
12
8,12
9,12
2
2
12
12
12
12
2,12
12
12
12
12
12
12
12
12
12
12
12
12
12
3,12
12
2,12
12
9
12
2
3
12
10,12
12
12
12
3,12
2
12,2
9
12
12
12
2
2
2
2
12
12
12
9
3
12
3,12
12
3
12
12
2
12
9
2
2
12
12,2
12
12,2
12
12
12
12,9,3
12
12
2
2
12
12
12,9
12
2
12
12
12
12
12
9
12,9
12
12
12
12
9,12,2
12,7
9,12
9,12,3
12
12
9,12
2
12
12
12
12
12
12
12
12
12
12
2,12
12
12
12,9
12
12
12
2
12
12
12
12
9,3,12
12
2
12
12
8,12,9
8,12
9
9
12
12
12
12
12
12
12
12
2
12
12
2
12
12
12
12
12
12
12,9
