12
11
12
12
3
12,11,2
12
3,12
9,12
12
12
12
12,10
12
12
3
2
12
2
2
12
12
2
12
12
12
12
3,12
12
12
12,2
12
12,9
12,9
12
12
12
12
12
2
9,12,3
12
12
2,12
12
12
12
1
2
12
12
12,9
2
12
2
2
2
12
1
12
12
12,9
12
12
12
2
9,12,3
12
9,12,3
12,9
12
2
12
12,2
12
3
9,12
12
12
12
12
2,12
12,9
12,9
12
12
12,2
12
12
12
12
12
12
12
12
12
2
2
12,9
2
12
2
12
9,12,3
12
12
12,2
12
2
2
2
12
12
2
12
12
12,3
2
12
12
12
12
2
12
12
12
8
2,12,9
12
12
2
12
9,12
2
2
12
12
12
2
12
12
12
2,12
2
12
2,12
2
8
10
12,2
12
2
12
2,12
12
9,12
12
2
12
12
12
5,12,2
12
12
12
12
12
12
12
12
2,12
12
12,2
12
12
12
12
12
12,2
12
12
12
12
9
5
12,7
12
12
12
12
12,2
12
12
12
12
2
12
12,2
12
12
12
12
12
12
12
12
5
12
12
12
12
12
12
12,9
12
12
12
12,5
12
12,7
9
