12
11
12
12
3
2,12,11
12
12
9,12
12
12
2,12,5
12
12
12,2
12
12
12
2
2,12
12
12
2,12
12
12,2
12
9,12
10
12
12
2,12
12
3,12
3,12
12,5
12
12
12
12
12,9
12
12
12
12,2
9
12
12,7
1
2,12
12
12
9
12
12
9
2
2,12
12
1
12
12
12
12
12,9,3
12
9,12,2
3,12
8,12
3,12
9,12,3
12
2
12
2,12
12
12
3,12
8,12
12
12,7
12
12,9,3
9
9,12,3
12
12
2
12
12
12
12
12
12
12
12
12
2
2
12
2
12
2
12
10,12
2
8,12
2,12
12
2
9,12
2
12
12
2
12
12
12,3
12
12
12
12
12
2,12,9
12
3
12
12
9,12,3
12
12
2
12
12
2
12
12,2
12
12,2
2
12
12
12
2
2,12
12
12,7
2
12,2
10
2
12
2,12,9
12
2
9,12
12
12
2
12
12
12
12,5
12
12
12
12
12
12
12
2
12
12,7
2
12
12
12
12
12
2
12
12
12,2
12
12
5,12
12
12
12
12
12
2,12
12
12
12
12
12,2
12
2
12,2
12
12
12
12
12
12
12
5,12
9,12
12
12
12
12
12
9
12
12
12
12,2
12
12
2
