12
12
2
2
12
11
12
12
12,5
12
12
12
12
12
12
12
12
12
12
12,7
12
12
12
12
12
12
12
12
12
12,8
12,7,8
12
12
12
11
12
12
12
2
2
12
12
9,12,3
12
12
12
12
2
12
12,9
12
12,9
12
12,9
12
12
12
12
9,12,2
12
12
12
12
12
12
12
10
12
12
12
12
12,2
12,5
9
12
12
2,12
12
12
12
12
12
9
12
12
9
9,12
12
9,12
12
12
12
12
12
12,2
12
12
10,12
12
12
12
12
12
2,12
12,11
2
12,11
12
2
2
12
2
12
12
3
12,2
12
12
2,12
8
12
12
12
12
12
12
12
12,5
12
12,8,9
12,2
5,12
2
12
12
2
12
2
2
12
12
12,2
12
5
2
12
12
12
12
12,9
12
2
12
2
12
12
2,12
12,2
12
12
12
2,12,9
12
12
12
12
12
12
12
12
12
12
12
12
12
12
12
12
12,2
12
12
12
8
12
2
12
12
12
2
12,9
12
12
12
12
8,12
12
8
12
2
12
12
12
12
1
12
12
12
12
12
12
12
12
12
2,12
12
12
8
12,7
12
12
2
