12
12
12
3
12
12
12
12
12
2
12
12
5
12
12
12
12
5
12
8,12
12,8,11
11,7,12,8
12
12
12
12
12
12
12
12
12
5
12
12
12
12
12
12
5
2
12
12
12
12
12
2
12
12
12
2,12
9
2
2
2,12
12
9
12,9
12
12
8,12,2
2
12
12
12
12
12
2
12
12
12
12
12
12
2
12
12
12
12
12
12
12
12
9
12
12
12
2,12,9
2
12
12
12
12
9,12
12
2
12
12
12
2
12
12
2,12
12
12
12
12
12
12
2,12
2
5
2,12
12
3,12
9
2
12
12
12
2,12,9
12
12
12,2
12
2,12
12
12
12
9
5,12
12,2
12
12
12
12
2
12
2,12
2
12
12,2
12,9
2,12
3
12
12
2
2
2
2
9,12
2
12
2
12,9
12
12
12
12
12
12
3
12
12
12,9
2
12
12,2
2
12
12
12
12
12
12
12,2
2,12
12,9
12
12
12
12
2,12
12
2
12
12
12
12
12,7
12
12
12
12
12
12
12
12
2
12
9,12,2
9,12,2
12
1
12,2
8
9,12
9
12
2
12
2
12
12
2,12
12
12
12
2
12
12,2
