12
12,7,8,5
12
12
12
12
12
8,12
12
2
12
12
2,12
12
12
12
2,12,9
2,12
2
2
2
12
12
12
12
12
12
12
12
12
12
12
12
12
12
2
12,8
8,12
2
3
12
12
12
12
12
12,7
2,12
2,12
12
12
9,12,2
12
2
12
12
12,2
12
12
2
12
12
12
12
12,8
12
3
12
12
12
12
12
12
12,9
12
12
12
12
8
12
12
2,12
12
2
12
12
12,8
12
2
12
12
12
12
2
12
2
12
9
12
2,12
12
12
9,12
12
12
12
12
12
12
12,2
2
12
2
2,12
12,2
12,2
2
12
9
12
12
2
12
2,12
12
12
12
8
12
12,7
5
12
12
2
12
9
2,12
12,2
2
2
8
2,12
2
12,9
2
12
12
2,12
12
2
12
2
9
12
2,12
2
12
2
12
12
12
2
2
12,7
12
12
2
2
12
2
12
9,12
12
12
12
12
2
12
2
2
12
12,9,2
12
2
12
12
12
12
12
8,12
12
2,12
8,12,9
12,2
12
8
12
12
12
2
9
2
2
8
1
2
2
12,2
12,7
12
2
8,12
1
12
8,12,9
2
2,12
2
12
2
12
2,12
