12
12
12
12
12
12
12
12
12
12,2
12
3
5
12
12
12
12
12
2
2
12
2
2
2
11
12,9
12
11
12
12
12
12,5
12
12,8
2
12
2
12,2
2
12,7,8
12,9
12
2
12,9
2
12
12
12
12
12
12
12
12
12
12
2
12
2
12
12
12
12
2,12
2
12
12
2
12
12
10
2
2
2
12
8,12
9
2
12
5
2
2
5,12,7
2
12
2
12,8
12
2
2
12
12,3
9
12
12,2
2
9,12,2
9
12
12
2
2
12
12
12
12
2
2,12
12
2
12
12
2
2
5
2
12
2
8,12
9,12,2
12
12
12
2
2,12
12,9
12,2
2
12
2
2
12
2,12
2
12
2
9,12
12
12
2,12,9
9,12
12
2,12
12
2
12
2,12
2
12
2,12
12
12
2
12
2
12
12
2,12
2
2,12
12
2
2
12
12
2
2
12
9,12,2
9,12
12
2
12
2
2
12
12
12
12
12
8
9
8
2
2
12
12
2
12
12
12
12
12
2
2
12
12
2
12
2
2
2
2
12
2
2
12
1
12
12
12
2
2
2
2
2
2
12,2
2
12
12
12
