12
8
12
12,9,3
2
12
12
8
5
2
12
10
12,2
12
12
12
12
12,2
2
2
12
2
12,3
2
11
2
12
4
12
12
12
12
5
12,3
12
12
2
2
2,12,9
12
9
12
2
2
2,12
12
12
12,2
12,9
9
12,5
12,8
12
12
2
2
12
2
12
12
12
12
2
2
12
9
2,12,9
12
2,12
5
2
2
12
12
9
9
2,12
12
5
12
2
2
2
2
2
9
12
2,12
12
12
3
9,12
8,12
2
2
2
2
12
12,2
2,12
2
12
12
12
12
12
12
12
2
12
12,2
12
12,7
5
12,7
12
12
12
2
12,7
5,12,2
8
2
2,12
2,12,9
12
2
2
2
2
12
12,9
2
12
2,12
9,12,2
12
12
12,9
2
2
12
12,9
2
2
2,12
2
12
9,12
12
12,1
2
8
2
12,2
12
9,12
2
12,7
12
2
2,12
12
8
2
2
12
2
12
12
12
8
2
2
12
12
12
12
12
2
2,12
12
2
2
2
12
2
12
12
2
12
12,2
2
2
12
2
2
8
2
2
2
2
8
2
2
12
1
2
12
2
2
2
2
2
12,2
12,7
2
12
12
12
2
