9
9,12,3,10
8
2
12
12
12
12
5
5
12
12
2
12
5
2
2
2
2
2,12
12
5
2
12
12
12
12
2,12
2
2
12,2
5
5,12
12,10
2
8,12
12
2,12
2
12
12,2
2,12
2
12
12
12
12
9
9,12
12
12
2
12
12
2
2
12
2,12
2
2
2,12
9
12
2
2
12
9
12
12
12
12
12
2,12,9
12
12
12
12
12
5,12
2
2
12,9,2
12
2
12
9,12
9,12
2
12
12
12
2
9
2
2
2
2
12
2,12
12,7
2,12
12
12
2
12
12
12
12
2
2
12
12
12
5,12,9
12
12
2
9
2,12
12
2
2
2
2
2
12
12
9,12,2
2,12
2
12
9
2
12
2
12
9,12
12
12,2
2
2
2
12
2
2
2
2,12
12
2
12
1
12
1
9,12
12,2
12
2
2
12
12
12
9,12
2
2
2
2
2
2
2
12
12
8,12,2
12
2
12
2
12
12
12
9
2,12
2,12
12
2
2
2
2
2
12,2
2
8
5,12
12
2
2
12,2
3
9,12
9
12
2
2
2
2
2
9,12,2
12
2
12
12
2
12
2
9
2
12
2
12,7
12
2,12
2
