9,12
10,12,7,8
8
2
12,11
12
12
12
5,12
5
12
12
2
12
5,12
2
2
2,12
2
2
12
5
2
12
12
12
12
12
2
2
2
5
12,2
10
2
12,9
12,2
12,2
2
12
2,12
2
2
12
12
12
12
9
12,9
12
12
2,12
12
12
2,12
2
12
12
2
2
12
9,12,2
12
2
2,12,9
12,11
9
12
12
12
12
12
9
12,9
12
12
12
12
5
2,12,9
2
2
12,2
2,12
12
12
12,9
2
12
12
12,5
2
9,12,2
2
2
2
2
12
12,2
12
2
12
12
2
12
12
12
12
2
2
12
12
12
12,5
12
12
2
9
12,9
12
2
2
2
2
2
12
12
2
2
2
12
9,12,2
2
12
2
12
12,2
12
2
2
2
2
12
2
2
2
12,2
12
2
12,8
1
12,2
1
12,9
2
12
2
2
12
12
12
12
2
2
2
2
2
2
2
12
12
2
12,5
2
12
2
12
12
12
9
12,9
12
12
2,12
2
2
2
2
2
2
8
12,5
12
2
2,12
2
3
12
9
12,7
2
2
2
2
2
2
12
2
12
12,9
2
12
2
9
2,12
12
2
7,12,8
12
12
2
