9
12
8
2
12,7
12
12
2
12,7,8,9
5
12
12
2
12
12,2
12,2
12
12
2
2
12
5
2,12
12
12
12
12,8
2
2
2
2
12,5
2,12
10
12
9
2
2
2,12,9
12
12
12,2
2
12
12
12
12
9
9
12
12
2
12
12
2
2
12,9
12,2
2
9
2
2
12
2
2
2
12
12
12
12
12
12
12,9
12
2
9
12
12
12
2
2
2,12,9,3
2
12
12
2
2
12
12
12
12
12
2
2
2
12
2,12
12,9
12,2
12
2
12
12
2
12
12
12,8
12
2
2
12
12
12
5
12,8
12
2
9
9
12
2
2,12,9
2
12
2,12,9
12
12
2,12
2
2
12
2
12,2
12
2
12,9
2,12
12
2
2
2
2
12
2
2
2
2
12
2
12
1
2
1
9,12
2
12
2
2,12
12
12
12
2
2
2
2
2
2,12
2
2
12
12
2
12,2
2
12
2
12
12
12
9
9,12
12
12
2
2
2,12
12
2
12
2
8,12,3
5
2
2
2
12,7
3
2
9,12,2
8
2
2
2
2
12
2
9,12
2
12
3
2
8
2
9,12,2
2
12
2
12
12
12
2
