9,12,2
12
12,7,8
2,12,3
12,5
12
12
2,12
2
5
12
12
9
12
2,12
12,2
12
2
11
2
12
12,7
2
2
12,9
12
12
2
2
2
2
12
2
9
12,5
2
2
2
2
12
12
2
2
12
2
9
12
2,12,9
2
12
12
2
12
12
2
2,12
2
2,12
2
2
2,12
12,9
12
2,12
2
2
12
12
12
2,12
2
12
9
12
2,12
2
12
12
9,12,2
9,12,2
12
2
9
12,5
12
12
12
2,12
12
2
2
12,2
2,12
12
2
12,2
2
9,12
2
8,12,7
2
9
12
2,12
8
12
12,9
12
9,12
2
8,12
2
12
5
9,12
12
2
9,12
2
12
12
2
2
2
12,9
12
12
2
2,12
2
12,9
2,12
2,12
12
2
2
2
12
12,9
2
2
12
12
2,12
2
12
2
12
12
9
1
2
1
12
2
12
2
2
12
8
9,12
2
2,12
2
2,12
2
12
2
2
12
12
2
2
2
12
12
12
12
12
2
12
12
12
2
12
2,12
2
12
12
2
12
12
2
2
2,12
12
3
2,12,9
2
9,12,2
2
2
2
2
12,2
2
12
2
12
12
2
12,2
2
2,12
2,12
12
9
12
12
2
2,12
