2
12
12
9
12
12
12
2
2
5
12
12
9
12
2
2
12
2
11
12,5
12
12
2
2
9
12
2,12
2
2
2,12
2
12,9
2
9
3
2
2
2
3
12
2
2
2
12
2
9
12
2
2
9,12
12
2
12
12
2
2,12
2
12,2
11,12
2
2,12
9
12
2
2
12,2
12
12
12
12
12,2
12
9,12
12
12,2
2
2
12,2
2
12,9,2
2
2
2
5
12
9
12
2
12
12
2
2
12
9
12
2
12
12,2
2
12
2
9,12
12
12
12,9
12
9
12
12
12,2
12,2
2
12
5
9,12,2
12
2
9
2
12
5,12
2,12
2,12
2
12,9
12
12
12
2
2
12
12
12
12
2
2,12
2
12
2
2
2
9,12
12
12
12,2
12
2
8,12
12
12,9
1
2
1
12
2
12
2
2,12,7
12
8,12
2,12
2,12,9
12
2
2
2,12
2,12
9,12
2,12
2,12
12
2
2
2
12
12
12
12
12
12
8
12
12
2
4,12
2
2,12
12
12
2
2
12,2
12,2
2
2
12
3,12
9,12,2
2
2
2
2
12
2
2
2
12
2
12
12,9
2
8,12
2
2
9,12,2
12,9
2
12,9
12
2
2
