10
12
12
10,12,2
12,5
12,9
12
12
2
5
12
12
2
12
2
2
12
2
2,12
2
2
12
12
2
9
12
2,12
2,12
2
12,9
2
9,12
2
12
10,12,2
2
12,2
2
2
12
12
2
12
9,12,11
2
9,12
12
2,12,9
2
12
12
12,2
12
12
2
12
12
2
2
2
2
12
12
2
2
2
9,12
12
9,12
12
2
8,12,9
12
12
2
12
2,12
2,12,9
2
2
2
2
9
5
8,12
9,12
5
2
12
12,7
2
12
12,7
2,12
2,12
12,5
12,2
9
2,12,7
12
12
2
9,12,2
12
2
12
9,12
12
12
2,12
2
9,12,2
12
9
2
12
9
2
2
12
9,12
2
9
12,2
2
12
12,2
2
12,2
2
2,12,10
9
2
2
2
2
2
12
2
2
12,2
2
12
2
2
12
2
2
12,2
12
1
2
1
12
2
12
2,12,9
12
12
9
12,2
2,12
9,12
2
2
9
12,9
12
2
2
12
2
2
2
12
12
12
12
12
2
2
12
12
2
12
12
2
12
12
12,1
12,9
2
2
2
2
12
12
2
12,2
9,12
2
2
2
12
12,7
2,12
5
12
12
12
2
2,12
2
2,12
2
2
12
2
8
2
12,9
