12
12
12
12,2
2
12,3
9
2,12
2
12
2
12
2
12
2
2
12
2,12
2,12,9
12,2
2
12
2
12,2
2
12
3,12
3,12,10
2
2
2
12
2,12
12
2
12
12
2
2
12
2
12
2
12
9
2
12
9,12
2
12
12
2
12
12
2,12
12
2
12,2
3,12
2
2,12
12
12
2
2
2
12
12
2
12
9
3,12,2
12,9
12
12,2
9
12
2,12,9
2
2
2
12
3
5
2
12,9
12,7
2
12
12
2
9
12
2,12,9
2
12,9
2
12,2
12
12
2
2
12,2
12
2
12
9,12,3
12
2,9,12
2
2
2
12
2,12
2
12
2
2
2,12
12
9
2
2
2,12,9
2
12
12
12
9
2
2
3
2
9
2
2
12
12
2,12
2
9
2
12,9
2,12,9
12
2
2
12,2
12,7
12
1
2
1
2
9,12,3
9,12,2
2
2,12
12
2,12,9
2
2
9,12
2
2,12,9
2
12
2,12,9
2
2
12
2
9
12,2
12
2
12
9
9
9
2
9
12
2
2
12
2,12
12
12
2
2
2
2
2
12
8
2
2
2
2
12,10
12,10
2
12
12
2
2
12
12
12
2
2
9
5,12
12
9,12
12
2
12
9
2
