12
12
12
2
12,2
12,3
12
2
2,12
12
2
8
2
9,12
2,12
2
12
2
2
2
2
12
2,12
2
12,2
9,12,2
2
2
2
2
12
2,12
2
12,2
2
12
12
2
2
12
2
2
2
9
2
8,12
2
2
12,2
2,12,9
12
2
2
12
2
2
2
9
2
12
2
10
12
2
9,12
2
12
12
2
12
2,12,9
2
9
12
12,9,2
12
12
2
2
12
2
2
2
9,12
9
3
12
2
12,9
12
2
2
12
2
2
2
9,12,2
2
2
2
9,12,2
2
2
12
2
2
3
12,8
9
2
2,12,9
2
9,12
2
2,12
12,2
2
2,12
2
9,12
2,12
2
2
2
12,2
12,2
12
12
9
2
2,12
12
2
2
2
2,12
2
12,9
12
2
12
2
2
12,9,2
2
2
9,12,2
2
12
12
1
2
1
2
2
9,12,2
2
2
9
3
2
12,2
2,12
2
2
2
9,12
2
2
12
2
2
2
2
12
12,2
12,2
2,12
12,2
9,12
9,12
9
8
2,12,9
2
12
2
3,12
12
2
12,9
2
12,2
12
8
8
2
9,12
2
12,9
2
2
2,12
9
12
2
2
12,9
12
2
12,2
2,12
9
2
2
2,12
12
2
12
12,9
2
