12
12
12
2
2
3,12,10
12,2
2
12
12,9
2
8
2
9
12,2
2,12
12
2,12
2,12
2
2
12
12
2
2
2
2,12
2
2,12
2
12
12
2
2
2
12
12,7
2
2
12
2
2
2
9,12
2,12
12,2
2
2
2
9
12
2
2
12
2
2
2
9
2
12
2
10,12
12
2
12,9
2
12
12
2
12
9,12,2
2
9,12
12
2,12
12
12
2
2
12
2
2
2
9,12,2
9
3
12
2,12,9
9
12
2
2
12
2
2
2
2
2,12
2
2,12
2
2
2
12
2
2
3
12,2
9
2,12,9
9
2
9,12
2
12,2
2
2
2
2
9,12,2
2
2
2
2
2
2,12,9
12
12
9
2
12,2
12
2
2
2,12
12
2
9
12,9
2
12
2
2,12
2
2
2
2
2
12
12
1
2,12
1
2,12
2
2
2,12
2
9,12
3
2
2
12,2
2
2
2
12
2
2
12
2
2,12,9
2,12
2
12
2
2
2
2
12,2
9
9,12
8
12,9,2
2,12
12
2
12
12
2
9,12
2
2
12
8
8
2
9,12,2
2
9,12,3
2
2
12,2
9
12
2
2,12,9
9
12
2
2
12,2
9
2,12
2
2
12,9
2,12
12
9
2
