12
12
12
2,12
2
12,10
2
2
12,2
9,12,3
2
8,12
2
9
2,12
12
12
12
12,2
2,12
2
12
12
2
2
2
12
2
12
2
12,2
12,2
2
2
2
12
12
2
2
12
2
2
2
12,2
12,2
2
2
2
2,12
9,12
12
2
2
12
2
2
2
9
2
12
2
12
12
2
9
2
12
12
2
12
2
2
12
12
2
12
12
2
2
12
2
2
2,12,9
2
9
3,12
12
9,12,2
9
12
2
2
12
2,12
2
2,12
2
12
2
12
2,12
2
2
12
2
2
3
2
9,12
9,12,2
9,12
2
9,12
2
2
2
2
2
2
2
2
2
2
2
2
9,12,2
12
12
9,12,2
2
2
12
2
2
2
12,2
2
9
9,12,2
2
12
2
2
2
2
2
2
2,12
12
12
1
2
1
12
2
2
12,2
2
12
3
2
2,12
2
2
2
2
12,9
2
2
12
2
2
12,2
2
12
2
2,12
2
2
2
9
12,2
8,12
2
12,2
12
2
12
12,8
2
12,9
2
2
12,2
8,12
8
2
2
2
3
2
2
2
9,12,2
12
2
9,12
9
12
2
2
2
9,12
2
2
2
9
2,12
12
9
2
