12
12
12
12,2
2,12
12,5
2
2,12
2
3
2
12,9
2
9,12,3
2
12
12,2
2
2,12
2
12
12
12,2
2
2
9,12,3
2
2,12
12,2
12
9
2
2
2,12
12,2
12
12
2
2
12
2
2
2
12
2,12
2
2
2
2,12
12,2
12
2
2
12
12
2
2,12
12
2
12
12,2
12
12
2
12,9
2
12
12,8,9
2,12
12
2,12
2
9,12
12
2
12
12
2
2
12
2
2
12,9
2
2,12
3
12
2
9
12
2
2
12
2
2
2
2
12
2,12,9
9,12,2
2
2
2,12
12
2
2
3
12
12,9
2
12,2
2
2
2
2
2
2
2,12
2
2
2
2
2
2
2
2,12
12
12
2
2
2
12,9
2,12
2
2
2
2
9
2
2
12
2
2
2,12,9
2
2
2,12
2
12
2
1
2
12,9
2
2
2
2
2
2
3
2
2
2
2
2
2,12
9
2
2
12
9
2
2
2
12
2
2
2
2
9
9
2
9
2
2,12
8,12,9
2
2
12,2
2,12
9
2,12,9
5,12
12,2
2
12,9
2
2
12
3
2
2
2
2
12
2
2
9
12
2
2,12
2
9
2,12
2
2
9
2,12
12
12,9
2
