12
12
2
12,3
2
5
2
12,2
2
2
2
2
2
2
12,9
2
2
2
2
2
2
12
2
2,12
2
2
12,2
2
3
2
2
2
2
2
2
12
12
2
2
2
2
2
9,12,2
12
2
12,2
2
12,2
2
2
12
2
2
12
2
2
2
3
2
12
2
2
2
2
2
12
2
2
2
12,8,2
2
2
12
2
2
2
2
2
2
2
12
2
2
2
2
2
12
2
2
2
2
2
2
2
2
2
2
2,12
12,2
2
2
2,12
2
2
2
2
3
2
12
2
2
12
2,12
2
2
2,12
2
2
2
12,2
12
2
2
2
12,5
2
2
2
2,12
2
2
12
2
2
2
2,12
2
12
2
2
2
12,2
2
2
2
2
2
2
12
12
1
2
12,2
2
2
12
2
12
12,2
12,2
2
2
2
2
2,12
2
2
2
2
12
2
2
2
2
2
2,12
2,12,1
12
2
2
12
10
2
2,12
2
2
2,12
2
2,12
1
2
2
2
2
2
2,12,9
2
2
2
2
2
2
12
2
12
2
2
2
12
2
2
2
12,2
2
2
2
2
2
12
2
12
