12
12
2
2
2
12,2
2
5
2
2
2
2
2
2
12,2
2
2,12
2
12,2
2
2
12
2
2
2
2
2
12
12,2
12
12,2
2
2
12,2
2
12
12
2
2
2
2
2
2
2,12
12
2
2
2
2
2
12
2
2
12
2
2
2,12
12
12
12
2
2
2
2
2
2
2
2
2
2
2
2
12
2
2
2
2
2
2,12
12,2
2
2
2
2
2
2
12
2
2
2
12,2
2
2
2
2
2
2,12
2
12
2
1
2
2
2,12
2
2
12,2
2
12
2,12
12,2
2,12
2
2
2
2
12,2
2
2
2
2
2
2
2
2
2,12
2,12
2
2
2
2
10,12
2
2
2
2
12
12
2
2
2
2
2
2
2
2
2
2
12
2
1
12,2
2,12
2
2
12,2
2
2
2
2
12
2
2
2
2
2,12
2
1
2
12
2
2
2
2,12,9
2
1
1
2,12
2
2
2
2
2
2
2
2
2
2
2
1
12
5
2
2
2
2
2
2
2
2
2
2
2
2
2,12
2,12
12,2
2
12
2
2,12
2
2
2,12,9
2
2,12
2
2,12
8
2
2
