12
12
2
2,12
2
2
2
2
2
2
12,2
2
2
2
2
2
12,2
1
2,12
2,12
2
12
2
2
12
2
2
2
2
2
2
2
2
2
2
2,12
12
2
2
2
2
2
2
2,12
2,12
12,2
2,12
2
2
2
12
2
12
12
12
2,12
2
2
2,12
2
2
2
12,2
2
2
2
2
12
2
2
2
2
2
2,12
2
2
2
2
2
2
12,2
2
2
2
2
2
12
2
2
12,1
2
12
2
2
2
2
2
2
2
2
1
2
2
2
2
12
12
2
2
2
2
2
2
2
2
2,12
2
2
12
2
2
12
2
2
2
2
2
2
2
2
2
2
12
2
2
2
2
12
2,12,9
2
2
2
2
2
2
2
2
2
12
2
12,9
2
2
2,12
2
2
2
2
2
2
12
2
2
2
2
2
2
1
2
12
2
2
2
2
2
1
1
1
2
2
12
2
2
2
12
2
2
2
1
1
2
12,2
12
2
2
2
2
2
2,12
12
1
1
2
2
2
2
2,12
12
12
12
1
2,12
2,12
9,12
1
12
2
1
2
2
2
