12
12
2
12,2
2
2
2
2,12,9
2
2
2
12
2
2
2
2
2
1
2
2
2
12
2
2
12,2
2,12
2
2
2
2
2
2,12
2
2
2
2
12
2
2
2
2
2
2
12
2
2,12
12,2
2
2
2
12
2,12
12
12
12,2
12
2
2
12
2
2
2
2
2
2
2
2,12
12,2
2
2
2
2
2,12
12,2
2
2
2
2
2
2,12
2
2
2
2
2
2,12
8,12,9
2
2
1
2
12
2
2
2
2
2
2
2,12
2
1
2
2
2
2
12
12
2
2
2
2
2
2
2,12
2
2
2
2
12
2
2
12
2,12
2
2
2
2
2
2
2
2
2
12,2
2
2
2
2
12,2
9,12,2
2
2
2
2
2,12
2
2
2
2
8
2
9
2
2
12,2
2
2
2
2
2
2
12,2
2,12
2
2
2
2,12
2
1
2
12,2
2
2
2
2,12
2
1
1
1
2
2
12,2
2
2
2
12
2,12
2
2
1
1
2
2
12
2,12
2
2
2
2
12,1
12,1
1
1
2
2
2
2
12,2
12
12
12
1
2
12,2
12
1
12
2
1
2
2
2
