1
1
1
1
1
1
1
1
1
1
1
1
1
1
1
1
1
1
1
1
1
1
1
6,12,1
12,1
1
1
1
1
1
1
1
1
1
1
1
1
1
1
1
1
1
1
1
1
1
1
1
1
1
1
1
1
1
1
1
1
1
1
1
1
1
1
1
1
1
1
1
1
1
1
1
1
1
1
1
1
1
1
1
9
1
1
12
1
1
1
1
1
1
1
1
1
1
1
1
1
1
1
1
1
1
1
1
1
1
1
1
1
1
1
1
1
1
1
1
1
1
1
1
1
2
1
1
1
1
1
1
1
1
1
1
1
1
1
1
1
1
1
12
1
2
1
1
1
1
1
1
2,12
1
1
1
1
1
1
1
1
1
1
1
1
1
12,9
1
1
1
1
1,12
1
1
1
1
1
9,12,2
12,9
1,12
2
2,12,9
2,12
1
9,12
1
2
12,9
1
1
9
1
1
1
1
1
1
12
1
1
1,12,9
1
1
1
2
2
1
2
12
12,9
2
1
1
12,2
1
1
2
12
1
1
1,12,9
9
9,12,2
12
9
