9
12
1
2
12,9
1
12
1
12
1
2,12
12
1
12
1
12
1,12
8,12,7
12
1
1
1
1
1
1,12,2
12
1
1
12
1
12
12
12,7
1,12
1
12
12
1
12
12
1
1
12
1
1
2
12,9
1
1
12
12
12
2
1
12
12
12
12
1
12,7
1
1
9
12
12,9
1
12
12
1
1,12
12
1,12
1
1
12,9,2
1
1
12
12
2,12
2,12
9,12,2
9,12,2
12
12
2
1
12,9
2
12
2,12
12
12
9,12
12,7
2
2
2
12
12
1
9
12,2
12,9
2,12
2
2,12
12
2
2
2
2,12
12
1
2
2
2
12
12,2
12
2,12
12
12,7
2
2
12
12
2,12
12,9
12,7
2
12,2
2,12
12
1
9
9
2
2
2
12,9
12
2,9
2
12
2
2
2,12
2
1
12
1
5,12
12,9
9,12
2,12
2
12
12
9,12,3
12
1
12,9
2,12
12
1,12,9
12,2
12
12
12
2
12
12,9
12
12
12,7
12
12
12
12
12
2
12
2
2,12
12
12
12
12
12
12
9,12
12
2
12
2,12
12
8
12
12
12
12
12
12
12
12
12
2
12
5
3,12
12
12
12
12
12
12
3,12,2
12
12,2
9
